259
7

1
379
94.94261932746866 158.74722038451083
113.09011868260413 200.22718324333235
125.8452788050171 187.30238717114278
84.29288964228905 150.9911861909319
83.52908016754674 115.29225299741512
70.43933420287044 153.76216553858796
82.16430335115896 189.87317698523648
120.87896840537466 125.94927455286401
83.93476838220026 157.72255702862466
99.70166802579965 158.75158208388171
105.24295380109004 140.23144065581792
139.26054314492328 160.3277198056632
70.85364362400821 158.28894432098133
154.11678537618732 178.45251069994382
85.29142884785993 142.37204666940733
40.254407294573525 156.3392054530102
92.34768853037866 133.61217904045878
92.39507266654381 133.87804525934433
51.64640310918774 162.5114390909433
140.10503490683396 140.56715455400007
103.81613704227402 139.31671747189623
97.48139862934191 172.66482797427793
79.62992287169816 161.10983855668087
71.9360895407161 142.2937292797032
109.9289385100544 166.73203622758885
139.46764441378036 118.50998861748064
154.288534465507 167.45965713298045
110.21096237897481 138.82875882679375
95.69459169512916 187.47486295487113
96.16214724279747 153.45655473424213
58.11942121312734 174.37731251363346
125.7469425054306 171.0849358250704
125.0505656163381 177.10306128992474
152.5067140007607 180.71768189626272
90.61421660757364 132.3532287947589
106.92595537525122 143.42772858232007
112.02206906069213 129.08972991351794
81.79388314224154 149.79016630755055
149.33223852602322 140.7503343894228
104.98287088837978 153.78666848704214
58.924150540289084 156.51628730178254
99.3926836927362 157.9969520736384
102.95387360924559 133.79882464433624
53.869398183115756 196.4295435465063
71.7581341979365 104.69797787411733
85.07929717554572 144.9094793218794
125.28438761241505 200.31421201246232
111.16073187833656 192.59435707834558
127.63912163448401 166.049599784504
135.8007027857579 192.31654542383527
84.6747865701758 167.27946094920296
82.87022684201351 180.36224442687998
83.35186615417844 185.31988564178366
126.0557368085608 120.08130096665175
98.43393585695318 155.4140984112081
103.49173801680664 109.87409107067201
81.75529205399181 193.50739898781273
75.13781540603219 132.76333625060906
58.795198136694175 141.8946044633924
92.04701962340347 185.0444118515552
89.28958601088598 124.13778597818111
108.02787896494952 164.62545795454653
98.37624192224743 117.03975240423841
82.92238631354104 172.58478958440358
105.9082869763899 214.6042643320394
110.08583030966048 145.95090680371845
70.49140993244548 179.83636917193792
106.98710888023582 203.6613709532102
93.84376266774684 183.0658259206148
39.08718133097552 166.639693404532
50.03067053232582 152.21553454807542
115.73590201014336 148.770402710808
97.270326143435 114.32591484655612
58.0580989206292 130.30152662446196
119.68213392752949 152.37856696475313
51.675536078851486 142.47795910399438
108.86060284242588 118.39934664177079
150.0473862157007 155.47664239315864
106.02465346916324 178.66853418752285
102.5856188641687 138.15524992508722
105.93226018069666 106.0948783308141
83.25979165642875 144.1632228518773
107.54187498792255 167.8610598397539
117.62486582033395 112.50515535269992
86.95811641288122 211.74671163728323
96.36081536632098 159.33713084930548
83.04709451088871 189.7068876091347
92.11211150849515 97.86548498017022
117.3515884762805 148.83517522009492
108.61293066833937 156.61393674183523
101.00815928903697 160.88641504831713
89.60834077451172 161.75991198704435
105.21262152716746 117.11244292030233
119.40693888182578 135.89356659030773
102.01647240192956 175.70071483966763
92.24829594271955 161.60494916835214
95.59610437216612 192.30425829762413
78.5389301894362 185.5256212285466
111.21213284494341 191.95171129118398
77.95810401463197 119.26286935936986
136.5929217220133 178.18604554592835
83.01616711921264 119.53009077241191
95.73529606125398 140.91272823622623
98.30763622979744 96.90763104223498
88.11647301585006 173.13546384374328
137.52298952216648 114.24134805963762
97.85275485293207 157.18103690514445
117.63930449121207 154.37606931736846
110.14510767596619 168.26328242194492
110.76386429827363 162.97456093882786
84.54706521278919 176.2688561169041
69.9255522105082 148.56422184269465
95.38896235506523 159.3991408139757
92.86743536090802 215.20522171158893
102.06676101922346 167.58026023427794
58.52687993678667 176.14753782550653
101.91707619351972 132.12700027084267
95.79232999714625 130.31429711297938
102.12010310522666 137.90500528425093
153.25393146973985 177.60297013625623
97.04970777028734 143.88985794406307
117.56774754260275 157.08715365159156
76.55839735426127 157.92156657107935
53.60152819090518 188.32504591740866
89.22535712961125 193.95583397648574
154.4878542917426 172.51920567247433
112.38384903179261 154.51127205280187
45.12952450109809 168.0370573893264
110.43274797118298 215.8237410966247
135.45586187211092 176.06070905303991
110.80396919166462 187.53968085494736
75.3592926674951 164.91284114976986
92.88554993430752 181.67413666935863
97.09000106078534 154.26694389465152
92.94825879635874 186.53532336053505
82.80156277353157 163.66414263602073
114.25383186721673 185.680765741922
105.60790388366215 176.59573843869848
129.13810518311976 128.2065244583217
79.76457775413607 128.88815546082253
69.8946635494207 188.11085697228322
69.57658718787913 177.12951997041407
84.80089523402022 150.07613306644268
69.03053162101718 159.53241544445268
91.60096958104242 191.87676038973603
133.85647610528628 145.23306990203344
69.09635181253545 186.69726825996824
96.78567687268573 151.43332173426595
82.36723877424149 101.384329880906
79.42116229862333 198.46017303373483
93.22655974475754 159.58554806823489
124.2994872935414 165.0852965848184
102.13554506874927 182.63235506679953
100.26483715349411 167.02569293231352
108.12481355737044 167.46092826446986
114.08560271946851 155.60903842168534
113.72147946563274 183.60252881674631
122.85041262494774 142.6968280633826
89.20259794248851 151.63823806554643
89.00954952780279 160.45154852208088
102.47880796791223 173.77531950245663
152.8290949347011 136.18652127188454
108.33270929781236 167.56808245950532
65.17521952119023 181.29181891093162
100.66791875235286 180.1451786282202
123.88847611989542 113.26565313920763
67.43457515665114 193.11430079656998
97.54240814491524 171.70906634275622
96.746227380973 156.94883662544237
150.02802878062636 130.3515984519491
85.58623969427657 121.53275318577293
122.83029589738337 160.2987110831543
80.27830909190473 135.30619664040256
99.40086190340085 189.3767562783841
97.61624974888944 157.30516727985048
117.13801200031077 165.02329972030296
125.43154843825596 200.9436783497983
97.48360622064521 108.9915694283398
99.18249251240118 156.0279232444512
89.92481844540072 154.93736589189544
99.84581934064971 157.15954927404243
127.64248720090832 125.27761864507421
72.96813859321468 147.0747696386444
61.5076178252135 193.7580163418338
118.99210766181417 178.36053980521595
152.99032805577383 150.21396706249718
131.80004981236186 142.00556200632954
93.90709945300145 161.08820547927456
72.11345752327702 172.74827456074428
109.66476318017632 174.46411319919162
132.02625240029607 201.17132748346347
79.46293658533804 195.1340307891209
135.27707700895888 160.79389558185895
108.22988300160411 133.53688530016694
70.94725384900727 143.99539393277863
98.37420694933431 155.81533918259066
85.73459140395104 168.935042462386
87.3264055079338 155.10735316162445
107.20768775698444 172.40203313004452
92.31272529400285 162.6338684895819
114.17567206974377 172.21653761864474
99.98347717771104 171.96881803666471
100.3272212290029 158.78512274388262
101.46066608203195 154.9941872525734
98.49188938220775 175.1199368789512
67.66818111322816 159.34197465189808
90.19583531187648 157.2065017738002
128.40688682232795 124.66477234829809
95.53010658658638 145.54349784238042
119.64906497257792 175.2274279907809
69.03087344668874 123.89542184821704
72.01451873211983 139.7586770823457
94.36565381951259 107.78214935448278
137.02046560727766 135.4885235130303
92.20467675501875 151.3285832335031
60.13131846528719 121.28976058369152
127.00860078093328 142.81577703946766
99.60238563629036 141.65516481989752
104.4725412173606 167.63129353840503
65.00720675339383 197.91221670244414
109.7166033191048 101.26036417783519
65.18225049705299 138.20025783812875
97.36511955530312 157.7761284936904
124.69924928640737 142.62594880947537
67.29002668509276 106.64775236543421
68.22265119829333 187.79310214578857
134.75511635408742 186.7715008579976
111.31524642368849 185.70599922820585
102.27973081775355 178.0315475047251
75.81569426844158 128.26488340554192
116.76459841536543 162.4114780806325
89.87124755802262 210.0992183277831
118.42969308939797 131.0653706727746
101.49335598769078 139.93775839156962
129.5777603500663 177.86237669288838
112.5693524746724 139.13317523409967
120.00473016715947 142.45678913060942
140.3016703466098 170.2128358714453
95.86463784048202 154.9793242823107
93.95151708944947 142.44620312523622
83.5220268537693 186.32929813373
52.967634476072625 160.37491202421137
92.88022444666971 151.53725516761557
145.86521698498498 171.85666021537503
86.60900013209557 167.0448637021274
81.7045705014688 123.18366553908119
148.17328906062994 142.98426275609924
108.34845916632827 167.99947071212594
103.37954730519638 173.349451811824
82.72674826616436 99.2443483172155
119.5950643637933 119.91015099657609
54.744769385907674 115.59335674428684
100.06251359043712 155.7461645002289
121.13216967596328 135.0324040101794
66.3791156465251 160.11271833229222
53.29797946572222 192.95199583701898
100.58534017423358 146.51249935890138
63.38511526729115 137.55684836736353
109.38179062802658 187.98928813410996
143.44240736054155 139.93095367234275
104.33510627428929 168.14625182692996
111.68316160924678 144.13107103978598
90.79686931674574 143.02605153559003
132.2582974358875 199.19923892486636
80.37151582029155 160.94479190473203
113.44355952915852 181.34879705214078
77.27291574052519 166.64756618115183
103.99743402933913 142.27047803254362
110.27603581236134 120.1077353089685
143.59352565036392 153.0144897997939
108.67014550546891 118.34419941770716
98.3991934250638 165.66803084368948
54.98166920398842 177.8804281212667
102.71503072255202 148.64847685457536
91.2524625124519 163.8235224543375
62.75119566145058 169.89588642464727
77.54130799690984 120.76664933455405
66.51957185935392 128.08413404385303
87.0073777770404 119.65842868385742
102.94250679860193 152.60833585109756
133.24770985473623 167.2412900929917
137.84975674916822 172.13507745272864
74.29710336455443 128.12785125949898
99.63037553415977 144.03781351305082
101.72018918346748 174.23939478792644
91.08315896195143 215.06580125006388
97.07774048094221 169.59652951156946
53.17855591533356 157.64201509334265
103.24926898035359 155.5959980315745
69.69409592724783 155.0614811094713
65.00986055832368 144.0700190603911
119.89524576799082 195.2653073156399
136.40040073410506 197.5897730811357
81.01954822135497 150.12588826119128
98.74009722477075 176.81990181623308
110.86328850232812 138.83388976702463
143.56639080893896 144.50648474971345
112.43775087412902 184.73951186895147
90.1147624918865 188.77195847686093
84.25889504103505 189.34623149794487
117.48466137619734 172.37289133466228
113.48436099493844 185.68042129462017
109.13168555233858 143.51745143701197
112.73828328983313 161.28209584075535
129.19581273497323 133.31363143409885
92.53396138321544 194.55308448076954
95.87519877550312 158.78552780971629
85.16644681603556 186.32675711078028
85.78053202089409 191.17147649928887
96.81966628438335 169.50384216665617
96.30761942042527 132.36997687707284
107.76723319191898 156.85308757355116
137.43253766986857 176.23355751316248
144.19227154559104 134.08716842601567
146.80487175940624 192.06577015778865
111.94720804449607 169.07606758935583
111.57193361821902 150.5120327872229
115.66409008851411 168.21583850431838
143.51861644506494 168.84908840387354
80.11470418998428 179.52463807439617
136.6303824735312 168.65567855095617
150.22644640633183 177.87921381984086
87.73846810259735 167.2548055360814
92.62204358841853 157.621898514421
84.58517311644684 164.53575307443742
118.19828925858054 193.92225724010285
76.54813976604433 151.53886013992647
63.36637694457291 137.3493863569638
82.96902845913522 169.76643766535443
99.128654261206 157.61782157751023
108.09252974519875 182.07831734151696
64.9022308542323 181.30976429736685
114.60771985601718 184.38040092702136
89.15234048599085 167.5469613381988
38.65170266523181 153.43739653176124
147.11541622568245 157.1667790778322
93.18325200556717 134.22117801214966
88.40006694527766 191.289031070855
99.25027291830058 149.7554972973871
98.20359103351242 160.81034553992993
48.71840740655526 124.87351592355311
50.77811089697537 184.20449455398006
92.26585379736186 160.60686434309525
100.11446886478814 180.84376030860054
47.6815465118274 130.44705753916853
136.63282827523355 188.942565104193
48.453384042503224 144.164973250559
112.8461019169789 180.79260349092505
111.36250069043538 193.5386403949152
70.67225786981925 167.16035706494796
92.24297163150752 134.37480912093443
109.97873420162655 203.45831803132327
52.65833028847178 125.03094631654494
130.74791243389038 131.60475187342678
126.42135201880262 137.39205870873738
90.7451136260214 184.00208627362062
127.06694015010241 180.81324346525835
87.65046805158342 140.38555503582728
127.89987327311647 143.33405219663214
136.6619748802879 188.61396749282358
122.60460688879284 106.61187556275698
46.282561253924605 153.70796690502164
151.21048754819086 174.48375025624108
106.16261157857046 155.9425460754107
85.92979555597486 150.40578685291356
119.71731932399099 111.36975837520026
91.5287836598978 204.0500518922566
97.65254162115811 157.2318589969334
84.82178954930211 215.15544415357746
72.5559259845296 172.0883987211677
104.39535909924739 164.56909102871566
88.7822049733949 147.39787997019818
110.6100227575662 157.0425994745847
76.57843949253213 102.71952973829224
101.96102790958005 155.41158387751648
96.8539356787769 158.1239329506306
125.17449922147 174.91443308259113
96.25955344047237 178.15259090871797
143.49386317441468 127.37196699137905

2
36
229.6448662998591 72.31140798263255
234.53034011749162 74.85319597034236
225.9791428976486 75.2667677915758
224.35456743685947 74.94388518725974
233.7399955178861 74.10340764913394
230.75907574407643 73.2761725709867
228.88501494758003 68.42062305954396
227.15613947276998 72.73127264085112
228.6874728604717 72.47766901240324
233.34065439102386 77.11223515031759
235.31762440344528 74.79671549536125
228.25174193807004 70.53323591711388
232.37842849815263 73.91538819572492
229.4791147591934 71.63849208568953
230.3904505422325 73.4220197237241
225.4702435011772 70.26489487133445
233.42592207434063 73.24847800322578
224.6701163123178 71.85684296313714
230.14343549517974 74.96191880859664
232.95871534510252 73.35531233682808
232.61977638553086 72.92061306552944
230.64590407711526 72.43095998426428
233.78226178311766 76.82878015027993
232.6964998939306 68.97102557137988
233.4687223719727 75.86303657819764
229.5128060615436 78.90989372790246
225.7648886431793 76.22523063728917
230.47260320518484 78.43577243892241
227.4827178161733 75.04115677863089
226.43326431879294 69.52989802117577
229.3423713772386 74.09841949494631
229.42582794458067 71.84796620441993
228.27371148013023 68.23512921173237
229.64865207058398 72.28292193424679
233.41826068713016 76.72765534071074
230.29632611696357 73.25980780277555

3
18
32.99794438858106 132.93418123197858
31.35347702251477 133.09224051943028
29.801084047577785 131.17891550010614
31.455864351044568 131.8986366107938
31.079499314114436 131.1125026500777
30.233251565592663 131.4099129148426
31.09206723104317 131.5530800127241
28.915642599071028 130.61126074622257
31.163794534829876 132.09702293846829
32.21145252168647 131.1600538535979
33.07445078865742 130.4431477140705
32.55398563855999 133.70063803895576
30.717864685920553 132.1388295132245
29.296170321145848 130.58697859637493
29.75484562790986 130.94652232192317
31.932539655020616 130.8807536198488
32.44879579629268 130.77602820260338
32.972219310588656 131.90309912334877

4
99
134.637576529886 83.52806669529426
131.5732370930487 73.8059386872327
133.15143810052797 67.03653585027283
129.78349317625177 71.42734482792574
125.87217035946284 71.9270075374421
112.49008167974841 68.78141219327664
116.62487069312986 77.33398967253588
123.31630122010604 76.65186558442645
127.1266843615777 83.5079029973098
127.72865990841072 74.35017513845496
120.3443771568134 68.86826257655211
132.4516331923282 67.18264744523573
116.02909796944111 69.46482419622043
121.12283851807767 70.0042370799065
124.63265149884461 68.44895998002015
121.23528788063363 73.71820707200413
112.35730879797222 76.26130804001835
123.50908898094195 78.33114207948924
132.2691950822017 87.07029353442235
133.58021576359724 73.18390269443695
124.61176903047745 72.52868497601196
117.28638826863718 74.02400195059572
127.33548564387344 84.84259272767339
118.80011926346508 68.60795423118009
135.613583985138 69.74253812876431
137.91054959456545 73.26961757541788
124.53686132738434 72.17162534818445
112.14196040452833 79.76516302835421
133.55723658216857 65.63353062826275
119.17823746614333 69.9982449770323
117.76813640864752 89.81515590749567
135.02073093872386 72.27666844234649
123.44813374330747 74.88839048952386
115.8861454152674 74.7167275843158
131.93011985415487 70.40843744795285
127.36298830816463 75.72635881298496
119.35494876913593 84.98846874838874
127.3346044379495 77.14244939207146
126.23415229137356 78.97856064178146
133.8889539705347 68.66800731418886
130.9748583199184 78.44033851787853
123.41966058671323 72.59526557398031
120.8256047795194 78.86465949778263
133.74312046874897 73.37783710025758
125.79501312115278 88.76218743017718
117.76544517674526 75.39781032633546
124.07274310207222 79.62267121632043
126.07927622359728 79.24849274362779
121.88579746545328 73.4481028186471
129.28427886646125 81.44135063892055
119.53222292356912 78.0350324329009
114.3400718981327 64.21998459672746
124.8875086685976 77.74165089551892
135.70552987164285 80.37973793220624
123.59393175595305 81.71538408333916
122.51503460294873 75.25927643250826
134.0577282256352 76.7070416335256
129.2924948004919 71.88010578811375
122.60323385303248 72.06040958831316
125.1770405308465 69.88558826508671
122.05941258167414 75.28807203018496
116.82907143653438 75.86384388119512
123.68418080133554 79.31842329749989
123.99850574907767 73.38605831764971
119.44812240232852 71.81099834375445
124.76587305490148 77.11413352050768
122.1155610639674 72.38357816510998
120.59957355523107 68.05610201235731
131.0169355467471 74.4023034432508
129.6020575380599 69.96643052098432
128.911221083284 60.66183664674845
118.56835442905037 88.31425337687534
113.00782749833779 63.06215235532257
136.51944523676698 80.93005759186262
126.58100547982616 77.44309477028973
127.80564452189216 66.52099099927938
125.69419680558217 80.5891003282706
120.15914270900858 63.861273873612824
134.814490626455 65.83324804625252
115.52071997809223 78.31128006523572
125.473452340294 61.24257352024849
118.94777491352299 60.05370778673021
112.73986261476091 82.77680532220475
131.26024755613133 75.79076099076839
126.022506842606 66.94432641709905
129.17749271960918 72.81793714353059
120.27647145011548 88.53873169990376
127.34265337118178 66.18244921670512
116.21474428299756 67.64000751999315
129.33301327832336 66.87214331750512
124.20347309922629 84.61716568422332
118.17366707919196 86.7345896234802
113.70060755575123 74.29892805621445
121.28818136403835 74.01688265092515
124.87278190530175 81.13077291824068
122.9032764917268 76.42858561524294
115.67217555693557 76.84207754093903
120.76931728074088 74.44594207246509
120.66670999520052 72.33979779285345

5
161
228.0979800111894 191.5040442376609
215.17496973518698 182.46963036642921
223.06085625647444 184.79790599753417
228.86197372892164 169.41631856927881
235.2232649063708 189.3007159178957
211.9556983053634 186.64352233944604
218.33136229413873 185.4301417020796
201.54173754324324 195.13686765938127
219.6891177859565 184.78734271910048
207.985531631062 172.57735626136156
223.68200293395913 182.46730968438678
209.82488940690317 204.8459699343626
223.3872509398401 175.44658837950453
214.67759013322913 177.45287592483322
212.9040864080925 182.6646211614091
204.24488366620844 174.55001884951852
209.9651542832669 160.90513280489745
210.04489022333976 190.56488020270623
215.30276329589387 181.58952898030026
199.17979618324335 192.14997643392118
227.70634348394674 190.96783985217144
197.7057867114065 187.22323639159004
208.2209902532866 202.57305897675832
216.24179199476936 198.45698130207336
220.73160591344768 197.96821241431073
211.26581487091468 178.8183225436397
218.7717271619129 186.57493222572066
215.64865327341073 189.7301573963984
208.1235101366082 169.54441737391804
228.79353683919038 192.0859765440619
220.5667510740231 184.74636145717602
217.99983404541572 184.53845156791397
226.1500293750983 173.0854338774837
205.11157263548603 176.4057388091543
213.69527402067087 171.8508274376733
222.14896583004725 209.30507804320314
207.59590443345886 177.94603196804115
230.2002812971971 201.3539313451126
229.0982810425251 180.02113230458215
221.04842185935598 174.6279772894369
224.08203232144896 175.92865594983758
206.36669785395804 197.71712716213068
219.51384543721488 185.13320156488498
219.82819878042602 161.1809732482921
223.1872126708842 184.89286306966193
205.1396760525452 199.93501567389495
213.04640238176256 196.52344078413842
214.1774121859615 185.61530078955332
205.7306419578656 197.4489265323316
211.012323731556 167.51086355422564
221.7894922228824 184.02465310368808
213.61414984472069 197.8887692485354
232.8881668217741 199.04756404937484
211.804556800162 184.8611800815256
226.00500568111934 182.56723623882763
213.77646086843885 196.05386777822162
223.59193172136793 166.70365841661044
214.68115727795006 177.14484489831392
219.75038041685988 198.71269277177225
205.4819008948263 168.65826521401044
221.88883901136998 181.67289308911728
211.3071244318483 205.3524786134955
204.902711331105 174.4541184219717
206.15659568917204 178.3473512238679
207.64418797092463 179.12472417825506
213.3752862172317 183.51286544250928
218.48803791643633 183.21379315679724
226.90124050999955 184.9335603703779
210.2377503178421 187.29135212878057
231.6539310587165 180.67787147124452
221.77411738123277 163.6574746164815
225.1197881080461 181.79497422525023
204.86801751920905 192.78531120245756
211.73653952896552 188.7281390974894
225.5122334164455 164.5142421483999
230.4228571419852 198.70801194711203
200.50723578270762 184.020697830142
219.3285657943891 185.75584965166487
241.00707469172016 181.09600813606227
219.74795935807109 174.68446278277864
219.28971625783825 185.0850823522415
210.08225658926614 161.5112249400897
239.3065213048031 179.60347803399233
219.4407452043173 181.88964188430865
219.9534210642759 178.75733568218376
227.2913331606131 193.27082869871225
218.18083186803574 175.95544151626237
217.06957435725823 194.8468374243404
242.88574126639216 182.5489036549054
220.04973444062676 184.00464840828636
196.61732621393 185.30687785568892
207.51919605766096 181.0836731124336
221.39339224333943 200.58680325065464
216.2346992966516 207.94583507665251
211.81955509565014 162.41908298679675
219.3012331175234 184.75617104465667
214.11774915194766 188.97362244186644
218.7000485942455 189.2916295560512
218.08639108781358 187.99532712061304
213.97786887659583 198.493424282303
231.25522517648932 163.21569369021825
236.95724662217486 202.45511637090786
224.51317169746687 165.6934627019935
219.81420741985278 184.47667910101194
220.77741883137256 181.13891267331465
227.1066404438896 182.14818910491323
227.51057103382362 187.92936251427705
196.49637976586712 178.22965690139472
229.15613521981004 203.76162094742784
221.90751553162536 209.03877923873256
230.31960931918005 176.74777894562206
238.38003051558354 190.0591825452606
231.07613971679243 200.40588830026132
211.22060936257034 193.73353216921583
239.93906735927882 169.0551198691274
204.25745842667237 196.31209358335119
213.96047146724058 177.37804621766085
210.03704462967497 190.08906128973217
206.88667486880402 173.83427228892214
211.45211837847995 168.481558126168
232.21767872384018 191.04381527927433
218.658165251906 184.34809406452263
213.42670767962858 177.15389566859466
234.68449148243056 179.04273663884248
213.11680342527768 182.83831015100907
240.40476740017465 199.41457852515782
219.7937314222344 184.57631431075362
224.77370376236001 192.92329363816145
218.85203758008285 172.3161754270792
223.15420991277796 180.7949667676404
228.143097206228 207.83363558335006
227.52960447357083 194.54899094630656
220.30241989388793 184.88027081994323
220.23798674141028 187.27712269228402
203.60859292624207 177.2721863065716
219.33594759193366 185.81399665595393
198.23874207669826 190.1590593780477
228.09814866575897 199.86170298639743
223.26274532654452 195.0004206376442
217.60137671740347 171.70987142852616
220.83112952863885 182.02637313699105
215.0044561603834 196.13925128470942
219.94843662002174 185.62799243695306
213.68443694959038 185.98106437366334
219.5079144992216 184.5575248967808
219.15420991162463 184.32439518675903
220.77662426549148 185.0805887974394
213.23562819044312 174.2900099538092
223.57461325978088 182.3422948791738
207.74934923550447 184.0860330785262
219.317623196957 191.4561435744981
235.1066970382183 187.28220897752075
227.5759091147998 190.28933102909835
236.67990424558042 189.36423148386572
224.83308438070526 175.51109268327954
241.0830992905639 177.66709673317996
223.51130660899162 180.64211430794165
219.29300804268567 184.6396136561142
221.03665463858727 182.62908258748251
218.66699771398055 184.4881799633654
225.71011769941023 205.27221519061058

6
245
209.3972728133832 129.148490028945
197.59278416942254 114.78696666761323
187.6074742313449 131.8976144014348
187.78880946096064 124.39991207241059
188.94372439373154 115.2940783929348
206.51448874182648 110.1139624999431
155.73190655306732 112.50683319394066
190.1124755024545 115.74074656393282
200.34768213524228 105.61505013131138
186.88696430086407 114.13106122226512
199.41438319209664 128.65054958839679
211.6747195330966 119.45994547446185
177.3019969979782 107.401601371947
188.97594623807532 96.7466153454991
222.85922054389616 101.5843687493171
150.73103622143162 117.24118987314424
209.9312333800044 113.19164173454354
215.58378881735257 90.59292299966444
183.21505700768495 95.95275157301649
201.78035385610985 102.36902603005285
183.78625358824505 82.04656427147893
170.24620578770472 145.99891352846456
210.33663722810564 93.23400936132504
195.97184363109776 134.90303020261368
172.36326820791092 138.61426725971984
220.15853157964978 107.12348769106347
186.46653273020576 119.74950456549493
175.06378874619423 93.1353003970952
183.1819497778824 108.72125811148383
184.04638510223816 117.54987437361153
179.194633521408 120.32066902089852
197.7436244792204 113.36083616322962
157.0993358234472 98.9739596226577
188.3530662138684 116.35882127895728
188.9327397981306 114.14736910920081
164.82083011091453 103.13997812445395
208.39240283638154 102.33699822962825
195.5595980380481 113.23985853791818
177.89675601296435 139.93931192441863
219.45328139012517 98.65781333940777
175.4218807574459 99.34117634614094
175.21409788911876 96.12176767389839
204.17112432942167 129.08868355133202
188.8465435246684 92.9684270748983
152.03540166939996 107.09388774662719
208.22470993608772 106.43822299495716
207.18108548317815 115.36295257477474
185.98552053520103 96.8210905465758
189.0946434314416 117.86992174961871
209.88784375367285 102.24114786142096
180.71728664720962 116.1118153458844
208.40301031113032 129.62568846595588
187.61983613617966 123.03828042888067
197.90870923348228 113.88815550598947
169.01822631527241 126.08154113496431
173.33840436287213 128.00994239785297
196.54919447450501 102.01111975494364
162.92075465450435 109.81065648162337
172.7225888481843 99.15319430066117
208.4218962360183 145.54797891616312
224.6035449628141 103.92792462450582
188.22579727732503 115.23009376429387
174.8690962443662 128.54812079804088
221.20625617956497 133.86575584447863
183.5390512990557 112.65406308728636
194.2087915369574 125.27460661500994
193.47990829709818 103.28578045554053
156.62079040447736 113.42368046992483
190.51277427086623 112.23073647855874
164.65525918507842 85.31083280669316
187.89290910786752 115.0145839811443
183.45113960387698 116.25932587621574
208.94900731626882 123.00985829267482
169.41411033959912 105.29145107429707
188.87616575387182 115.55724759656383
190.13755609895767 121.6092617961319
181.3597670037585 123.68610050129831
170.82102006180645 93.13943303279514
182.7755799661967 105.52005434362843
223.28333271472707 101.99972681141358
196.7184384096045 132.87228981814866
190.90343785139513 109.00883797902908
219.66743291467333 117.33619119863675
189.39147609374524 121.43621773206372
159.94938254233668 92.37496315154684
226.42826184321478 115.76967875609739
201.68414836722712 119.46283337416602
169.01625152557742 109.78547841313718
167.9744593318393 128.75895372790828
176.12798562218836 80.23318210294171
197.44939177741034 111.61533863711396
181.41549109663882 116.45622016748129
162.66475440753976 128.40104022225026
185.51699877785953 90.61714686683918
184.59754021061096 112.56634606174443
215.93110385335333 137.20000756714774
193.89397829127904 149.92051511574522
183.39800979831676 87.1735555989172
208.34178302468996 131.9647880625064
192.70438612992186 112.4461666217251
165.20857055072128 104.9136452067251
192.3158063098654 104.2776869773291
218.0611726935881 114.80341458961173
172.3995112200505 82.96838785159
196.81383290384264 113.04188406790874
168.87777618151063 148.3767352684363
201.09427717071043 147.67036993049447
190.62847964314022 135.17800206962738
197.18327975006352 121.97285598660515
177.63709486975242 132.92685864020294
175.23742521950993 93.02748157924509
154.86524060778208 103.79756874320549
161.44951246124828 136.39602162100263
164.90886356652376 144.09589320726212
158.61918791205082 93.58295283503597
168.37422338660076 134.565645079158
168.78362665066442 104.57481134951122
172.9475116427287 101.80682021915027
214.25640816627174 126.204254151335
181.17553196368402 95.65509809319079
177.52464702427287 94.52382522147846
203.42081539074763 119.75980991538651
187.79226896179344 113.89698452122622
161.0709387086384 117.26344328448675
186.22837033477845 114.10003180205211
202.12308512263297 125.20758842078979
163.72102693592197 125.64540155202532
191.36077207033878 83.59600052995644
175.36994608586681 123.5963724946129
174.10309502316926 115.2497392999171
176.57863321923102 121.52884393339257
169.21240996738848 136.71102919344037
185.3420706251111 114.27047943468139
184.53409183980602 84.46188211870088
191.28465440692125 81.73333479052573
181.46036208706593 109.8510964438664
166.43511270616585 94.29496539888389
202.86387633965654 98.65647442635739
196.94115022804175 111.00887125979644
187.42867160370187 145.63906934580805
168.17794421802301 84.75927530513314
214.88191406420117 141.1818092520352
225.85845202108877 108.55935770392148
191.18829035726057 115.11359987664132
225.2418907581567 102.98865898129989
177.54137345687568 107.58818138515122
198.52136457420116 109.08763677317044
190.68114604071394 92.72880101582768
185.99540033629162 112.37237406800635
194.58221644501776 116.53310711474754
185.66242927587655 147.85526337121442
187.09844119173385 120.55345189746521
187.7975050214166 122.16087652277258
197.29928395127249 82.82804944257174
182.0467567543476 116.6981329372169
187.0227192344951 114.03630171039717
194.33983919041577 104.7413521966233
216.95203007600588 111.73012778956989
212.52014889797545 139.1526509142652
207.8275135495519 118.97046235948407
190.46547070183072 90.69671058516991
191.90633383225472 136.0172281905094
224.01129214078463 122.42001134090299
191.41368015707815 115.758095119712
182.45800640525522 108.77867868850008
176.47253997968903 127.8899519518158
179.3368082735733 139.08670515336786
155.25178880494266 127.5645439734921
210.42254881795526 108.3851657373362
209.09393954091342 88.14616444726907
201.3852841842012 87.28828507089263
213.8957869028055 103.8216906264053
176.9706408604964 79.93892883497779
189.2039710692308 115.25067473851809
200.3988581077462 95.41465374314666
171.067400159093 123.43053920195099
183.07417152797527 96.1929252131957
190.8164121836212 110.1294519105411
185.76321668861144 115.39445652011942
202.34644510851652 142.41602109741845
177.0615018283598 98.66573814481792
187.79170798042654 116.20876531542154
197.90385502129658 115.02793500614682
192.41334287965174 106.8574097614892
183.7572819182238 140.46590874944096
188.85232599635304 119.39260153733449
186.8949783391168 123.8260773464845
188.16773038978866 116.04030885505153
202.4452213250739 130.8626079434773
198.258372637062 101.74990550324529
186.41807229588656 109.84987306362387
206.51181293748857 136.44568615933818
186.83353771496857 114.94543345800406
191.60868849420117 111.19530214826138
186.20883859205534 122.58425339164918
187.7744157586797 98.73795602535775
170.30651716017607 88.52909589442378
212.54716719200286 108.43033874992881
154.48276095645969 132.07678181802302
194.69717653084598 111.22938707829076
184.46327741534805 113.94634794580512
207.81531576515337 113.73072572433371
164.16352289944103 138.86497604838675
211.17867810448013 93.40837534157242
193.72573650084252 132.14785419126235
182.78218733523286 131.3532436672355
200.82190638018474 105.69025223832531
209.27457173676905 127.92960745742083
186.5433149693996 122.82154957559105
177.2696609392387 131.6952648914529
188.30667452211173 109.52472377228639
191.30400228269582 102.56565986496707
198.22257569540756 103.99894208798723
216.21158386609773 113.63801843953262
173.63937915557565 138.60521505022697
185.2602245869612 91.34032259387513
197.73257728864496 152.0328253147486
184.34546659275887 111.72536043025977
156.73116236098645 97.9903506235791
194.09717915049737 124.73848559834806
204.5460724569824 146.20312582951232
181.33250806256117 83.41372185400797
202.7323118880687 90.55568824378744
153.49379565551354 101.07115982797507
150.52320353836484 116.67292901467468
181.15271003268703 117.54956827050661
165.48924319537747 144.49357558510346
186.80592496325167 92.2168425194532
180.35191668181068 117.69278315054679
159.98850155553407 97.52709473247918
187.04149591904252 132.9182214543701
188.95952607801578 110.29818870610971
195.6863491765516 125.14974697176982
163.29113905402284 128.1368566227827
216.32166690918243 115.9252869398162
201.13658677545237 120.3511959268878
210.3449992290189 118.71850397780088
180.57249266075533 123.15085531485337
154.18244749773567 107.30051536212152
192.30756736642593 108.11278600918973
188.10321124610684 92.1930220995325
209.6174028844706 90.8959667258322
192.45712584273474 115.09337492801909
188.40479426180022 121.74842965402969
160.59539910527116 99.7105601493723

7
132
200.6939633389797 232.61018506944595
185.51778310339347 226.36617067739036
193.33770004611037 226.99783192551698
201.92749727833186 237.772641686676
186.24254456630263 208.42924922581682
166.86966735111764 228.2899060406567
206.57206958199984 224.6535509067841
203.98368172194628 219.6811706669666
192.74509959779115 219.41789738076776
166.42955671646197 232.02181092633575
187.17907448143868 218.49711651554483
181.01890590175907 236.17453393035174
181.98839065976196 245.7669932671069
181.67391739498288 218.78127257131993
191.03918023983007 224.91507098425805
186.70902893369524 233.9580133283897
194.95774051829034 218.33596381398817
187.89889333799954 223.86936307547978
187.44735437900428 234.21105372262082
187.6401767138182 224.32733392548013
176.95773774783223 228.1914486973158
203.51354158040232 237.1490319844314
192.79356094207455 227.45187324030903
190.5763269511786 231.43804387807654
190.9738680513318 225.315698650293
182.64298516589477 235.28357274936704
185.41555827196638 225.15373296793734
184.98665882723589 224.98717092137858
173.20170132853062 224.54589551583237
200.4891443401525 217.37599976286614
183.14422504184188 223.0700241341027
171.88337850331453 219.3661879886647
183.78345900554714 225.60231106163727
180.72383478496081 233.9329139936166
188.31358118120653 239.31611692467266
182.74342277485812 207.7954624848875
184.04893229550356 229.2363621291261
184.85464399522883 223.58573587435703
185.8383203179296 233.1543107591814
188.71448099120423 219.9430830064505
186.0552555678923 216.6075041891792
185.70651798718117 233.80027045484601
183.213796379405 235.0633273247337
196.8797187058455 243.63853785442836
171.50035741901925 224.11655577060702
201.871529797941 233.45193959855993
190.8369253435311 226.81844805604698
201.63258472576265 235.71386258192877
185.15597592233826 225.97212255445575
176.44144200682405 222.90213296672482
183.9922954866821 216.51012185005914
190.07601808791875 210.1402578655931
164.81774545023353 226.6599641418072
185.62670287969178 231.96058125725017
181.70085999661362 216.58029047620832
182.00926533687922 217.79274334748843
184.58491360633334 225.95107444019231
166.37595701002957 234.291123365015
192.46014456461162 233.47890200505924
196.05739828596458 223.71987117228235
181.50590813917964 235.397544722319
185.14475819980484 226.4892815846308
201.90639647030108 226.25309786400837
194.61540135831547 227.19054738580655
189.90326346370247 222.49133101778963
173.78641948913108 234.87206835207664
176.22242092967323 237.00736233031458
194.53236436604638 227.64087254649226
195.70286196624656 220.85372776800503
180.10783289293923 206.05282511549157
172.7035515834749 228.9656199601446
176.40251140351012 230.81172656762462
196.8252063123893 236.4833629168503
195.24555453913217 215.11569627554485
185.813890290238 225.8370558988557
182.2365757544763 228.60387225877338
177.23311605330423 225.65410130380667
188.44458960529224 225.218394567908
199.11969115754786 235.12528351586366
186.39466503832702 222.1422988176652
179.8890993773852 227.96713331870663
195.313797432087 229.3174406386637
183.98672684991655 233.18176868652785
178.174393436978 237.6188866012997
186.12576194898168 226.63866539682536
181.07976875501208 232.09830244927932
186.8287782647073 235.78792906410578
180.7676404388175 234.58646820567068
190.29898177129587 222.31261718325496
201.2130349981417 218.07372811499394
178.97143269910168 215.54546274358458
170.17742865304183 231.64420098331487
186.10240854970118 219.37791170232092
186.01399633749526 216.28338857874311
179.32586230109783 219.01001302670255
187.1206280655909 230.49276187662346
180.63498759105667 222.49790326320695
190.5180828605827 212.83548595759754
167.95794437675085 230.46174863520588
184.7566506574717 226.14378904607605
191.8618209353396 218.06645830970263
203.67883872279782 235.99325264859428
190.67291708793653 222.96003777419855
201.84153573187575 237.77582630841127
206.60925972881344 224.05886632825954
185.2620466884025 227.6484814454626
178.6976098665701 225.1901746602762
174.60851341222974 212.1020582304516
188.53127619670096 230.5074462740988
177.47188000346938 227.7529496284385
184.96729053578775 218.70398773519054
188.28412925074986 231.22666139677312
180.45986467790635 214.41667959887675
185.4817454283464 232.84080780378116
181.54291963361618 218.12386235608955
186.16481217596638 228.33625757370717
181.39738731249705 230.93448710526718
178.74938133275583 208.18605958189434
181.41492237368286 231.10987482525326
171.16832679614873 220.4459046152958
189.99323713585696 223.91883229088654
198.24704621420895 240.11870818058318
185.70369103879068 225.93946048105988
186.30078430174558 210.87123903265356
197.92355229236216 208.9642036589626
198.65971609003515 223.52683057842208
181.40256727370382 222.79179856292635
180.93131477696403 216.63654427425442
194.85205482621947 228.92814127258472
179.23545056014666 220.08523937768814
183.84734188767578 214.6841361560284
181.51990074931916 236.1602766755823
