31
98.3076, 96.9076, 138.042
109.717, 101.26, 149.303
122.605, 106.612, 162.475
137.523, 114.241, 178.784
48.7184, 124.874, 134.041
54.7448, 115.593, 127.902
67.29, 106.648, 126.102
82.7267, 99.2443, 129.202
228.274, 68.2351, 238.254
232.696, 68.971, 242.703
229.513, 78.9099, 242.699
225.765, 76.2252, 238.286
224.355, 74.9439, 236.541
224.67, 71.8568, 235.881
225.47, 70.2649, 236.165
226.433, 69.5299, 236.868
33.0745, 130.443, 134.571
28.9156, 130.611, 133.774
29.2962, 130.587, 133.833
118.948, 60.0537, 133.248
128.911, 60.6618, 142.471
117.768, 89.8152, 148.108
112.74, 82.7768, 139.865
112.142, 79.7652, 137.616
112.49, 68.7814, 131.852
113.008, 63.0622, 129.413
176.971, 79.9389, 194.188
191.285, 81.7333, 208.015
197.299, 82.828, 213.98
150.523, 116.673, 190.446
176.128, 80.2332, 193.542
22
154.289, 167.46, 139.083
154.488, 172.519, 135.653
235.318, 74.7967, 185.719
233.782, 76.8288, 183.908
233.341, 77.1122, 183.689
229.513, 78.9099, 182.488
225.765, 76.2252, 185.772
224.355, 74.9439, 187.288
242.886, 182.549, 78.1309
240.405, 199.415, 62.4196
236.957, 202.455, 60.6894
228.143, 207.834, 59.7507
222.149, 209.305, 61.8675
216.235, 207.946, 66.5988
209.825, 204.846, 73.1495
205.14, 199.935, 79.935
197.924, 208.964, 78.9551
206.609, 224.059, 62.9736
206.572, 224.654, 62.6767
203.514, 237.149, 59.634
196.88, 243.639, 63.9914
181.988, 245.767, 78.1403
0
19
51
109.717, 101.26, 12.2111
82.7267, 99.2443, 15.7551
109.717, 101.26, 12.2111
82.7267, 99.2443, 15.7551
109.717, 101.26, 12.2111
82.7267, 99.2443, 15.7551
109.717, 101.26, 12.2111
82.7267, 99.2443, 15.7551
109.717, 101.26, 12.2111
82.7267, 99.2443, 15.7551
109.717, 101.26, 12.2111
82.7267, 99.2443, 15.7551
109.717, 101.26, 12.2111
82.7267, 99.2443, 15.7551
109.717, 101.26, 12.2111
82.7267, 99.2443, 15.7551
109.717, 101.26, 12.2111
82.7267, 99.2443, 15.7551
109.717, 101.26, 12.2111
82.7267, 99.2443, 15.7551
109.717, 101.26, 12.2111
82.7267, 99.2443, 15.7551
109.717, 101.26, 12.2111
82.7267, 99.2443, 15.7551
109.717, 101.26, 12.2111
82.7267, 99.2443, 15.7551
109.717, 101.26, 12.2111
82.7267, 99.2443, 15.7551
109.717, 101.26, 12.2111
82.7267, 99.2443, 15.7551
109.717, 101.26, 12.2111
82.7267, 99.2443, 15.7551
109.717, 101.26, 12.2111
82.7267, 99.2443, 15.7551
109.717, 101.26, 12.2111
82.7267, 99.2443, 15.7551
228.274, 68.2351, 133.091
132.269, 87.0703, 35.3576
125.795, 88.7622, 28.6689
117.768, 89.8152, 20.7127
112.74, 82.7768, 20.1983
112.142, 79.7652, 22.0285
112.49, 68.7814, 31.4996
113.008, 63.0622, 36.9
176.971, 79.9389, 80.4724
150.523, 116.673, 55.8313
152.035, 107.094, 54.6848
153.494, 101.071, 55.343
158.619, 93.583, 60.4031
164.655, 85.3108, 67.3535
176.128, 80.2332, 79.5867
49
122.605, 106.612, 13.9549
98.3076, 96.9076, 12.2111
122.605, 106.612, 13.9549
98.3076, 96.9076, 12.2111
122.605, 106.612, 13.9549
98.3076, 96.9076, 12.2111
122.605, 106.612, 13.9549
98.3076, 96.9076, 12.2111
122.605, 106.612, 13.9549
98.3076, 96.9076, 12.2111
122.605, 106.612, 13.9549
98.3076, 96.9076, 12.2111
122.605, 106.612, 13.9549
98.3076, 96.9076, 12.2111
122.605, 106.612, 13.9549
98.3076, 96.9076, 12.2111
122.605, 106.612, 13.9549
98.3076, 96.9076, 12.2111
122.605, 106.612, 13.9549
98.3076, 96.9076, 12.2111
122.605, 106.612, 13.9549
98.3076, 96.9076, 12.2111
122.605, 106.612, 13.9549
98.3076, 96.9076, 12.2111
122.605, 106.612, 13.9549
98.3076, 96.9076, 12.2111
122.605, 106.612, 13.9549
98.3076, 96.9076, 12.2111
122.605, 106.612, 13.9549
98.3076, 96.9076, 12.2111
122.605, 106.612, 13.9549
98.3076, 96.9076, 12.2111
122.605, 106.612, 13.9549
98.3076, 96.9076, 12.2111
122.605, 106.612, 13.9549
98.3076, 96.9076, 12.2111
132.269, 87.0703, 26.6454
125.795, 88.7622, 20.3647
117.768, 89.8152, 13.9936
112.74, 82.7768, 18.7292
112.142, 79.7652, 21.6316
112.49, 68.7814, 32.5972
176.971, 79.9389, 70.5529
150.523, 116.673, 43.6202
152.035, 107.094, 42.719
153.494, 101.071, 43.7776
158.619, 93.583, 49.5016
164.655, 85.3108, 57.207
176.128, 80.2332, 69.6607
46
137.523, 114.241, 16.7561
109.717, 101.26, 13.9549
137.523, 114.241, 16.7561
109.717, 101.26, 13.9549
137.523, 114.241, 16.7561
109.717, 101.26, 13.9549
137.523, 114.241, 16.7561
109.717, 101.26, 13.9549
137.523, 114.241, 16.7561
109.717, 101.26, 13.9549
137.523, 114.241, 16.7561
109.717, 101.26, 13.9549
137.523, 114.241, 16.7561
109.717, 101.26, 13.9549
137.523, 114.241, 16.7561
109.717, 101.26, 13.9549
137.523, 114.241, 16.7561
109.717, 101.26, 13.9549
137.523, 114.241, 16.7561
109.717, 101.26, 13.9549
137.523, 114.241, 16.7561
109.717, 101.26, 13.9549
137.523, 114.241, 16.7561
109.717, 101.26, 13.9549
137.523, 114.241, 16.7561
109.717, 101.26, 13.9549
137.523, 114.241, 16.7561
109.717, 101.26, 13.9549
137.523, 114.241, 16.7561
109.717, 101.26, 13.9549
137.523, 114.241, 16.7561
109.717, 101.26, 13.9549
137.523, 114.241, 16.7561
109.717, 101.26, 13.9549
137.523, 114.241, 16.7561
109.717, 101.26, 13.9549
136.519, 80.9301, 29.2092
132.269, 87.0703, 21.8009
125.795, 88.7622, 18.1326
117.768, 89.8152, 17.4792
112.74, 82.7768, 25.7958
150.523, 116.673, 29.6761
152.035, 107.094, 29.4347
153.494, 101.071, 31.3822
158.619, 93.583, 38.2989
164.655, 85.3108, 47.138
52
150.028, 130.352, 20.394
122.605, 106.612, 16.7561
150.028, 130.352, 20.394
122.605, 106.612, 16.7561
150.028, 130.352, 20.394
122.605, 106.612, 16.7561
150.028, 130.352, 20.394
122.605, 106.612, 16.7561
150.028, 130.352, 20.394
122.605, 106.612, 16.7561
150.028, 130.352, 20.394
122.605, 106.612, 16.7561
150.028, 130.352, 20.394
122.605, 106.612, 16.7561
150.028, 130.352, 20.394
122.605, 106.612, 16.7561
150.028, 130.352, 20.394
122.605, 106.612, 16.7561
150.028, 130.352, 20.394
122.605, 106.612, 16.7561
150.028, 130.352, 20.394
122.605, 106.612, 16.7561
150.028, 130.352, 20.394
122.605, 106.612, 16.7561
150.028, 130.352, 20.394
122.605, 106.612, 16.7561
150.028, 130.352, 20.394
122.605, 106.612, 16.7561
150.028, 130.352, 20.394
122.605, 106.612, 16.7561
150.028, 130.352, 20.394
122.605, 106.612, 16.7561
150.028, 130.352, 20.394
122.605, 106.612, 16.7561
150.028, 130.352, 20.394
122.605, 106.612, 16.7561
137.911, 73.2696, 40.9736
136.519, 80.9301, 33.3264
132.269, 87.0703, 27.6743
125.795, 88.7622, 28.0488
117.768, 89.8152, 31.4149
205.14, 199.935, 109.158
199.18, 192.15, 99.3545
198.239, 190.159, 97.2106
196.617, 185.307, 92.4254
164.909, 144.096, 40.5127
154.483, 132.077, 24.6117
150.523, 116.673, 13.2257
152.035, 107.094, 16.177
153.494, 101.071, 20.7007
158.619, 93.583, 29.5266
164.655, 85.3108, 39.6628
50
152.829, 136.187, 6.47243
137.523, 114.241, 20.394
152.829, 136.187, 6.47243
137.523, 114.241, 20.394
152.829, 136.187, 6.47243
137.523, 114.241, 20.394
152.829, 136.187, 6.47243
137.523, 114.241, 20.394
152.829, 136.187, 6.47243
137.523, 114.241, 20.394
152.829, 136.187, 6.47243
137.523, 114.241, 20.394
152.829, 136.187, 6.47243
137.523, 114.241, 20.394
152.829, 136.187, 6.47243
137.523, 114.241, 20.394
152.829, 136.187, 6.47243
137.523, 114.241, 20.394
152.829, 136.187, 6.47243
137.523, 114.241, 20.394
152.829, 136.187, 6.47243
137.523, 114.241, 20.394
152.829, 136.187, 6.47243
137.523, 114.241, 20.394
152.829, 136.187, 6.47243
137.523, 114.241, 20.394
152.829, 136.187, 6.47243
137.523, 114.241, 20.394
152.829, 136.187, 6.47243
137.523, 114.241, 20.394
152.829, 136.187, 6.47243
137.523, 114.241, 20.394
152.829, 136.187, 6.47243
137.523, 114.241, 20.394
152.829, 136.187, 6.47243
137.523, 114.241, 20.394
137.911, 73.2696, 58.354
136.519, 80.9301, 51.2345
132.269, 87.0703, 46.783
125.795, 88.7622, 48.1344
205.14, 199.935, 88.7646
199.18, 192.15, 78.9616
198.239, 190.159, 76.8193
196.617, 185.307, 72.0461
196.496, 178.23, 66.7204
168.878, 148.377, 26.081
164.909, 144.096, 20.257
154.483, 132.077, 4.77712
150.523, 116.673, 13.6876
197.924, 208.964, 92.0539
52
154.289, 167.46, 31.3072
150.028, 130.352, 6.47243
154.289, 167.46, 31.3072
150.028, 130.352, 6.47243
154.289, 167.46, 31.3072
150.028, 130.352, 6.47243
154.289, 167.46, 31.3072
150.028, 130.352, 6.47243
154.289, 167.46, 31.3072
150.028, 130.352, 6.47243
154.289, 167.46, 31.3072
150.028, 130.352, 6.47243
154.289, 167.46, 31.3072
150.028, 130.352, 6.47243
154.289, 167.46, 31.3072
150.028, 130.352, 6.47243
154.289, 167.46, 31.3072
150.028, 130.352, 6.47243
154.289, 167.46, 31.3072
150.028, 130.352, 6.47243
154.289, 167.46, 31.3072
150.028, 130.352, 6.47243
154.289, 167.46, 31.3072
150.028, 130.352, 6.47243
154.289, 167.46, 31.3072
150.028, 130.352, 6.47243
154.289, 167.46, 31.3072
150.028, 130.352, 6.47243
154.289, 167.46, 31.3072
150.028, 130.352, 6.47243
154.289, 167.46, 31.3072
150.028, 130.352, 6.47243
154.289, 167.46, 31.3072
150.028, 130.352, 6.47243
154.289, 167.46, 31.3072
150.028, 130.352, 6.47243
137.911, 73.2696, 64.6614
136.519, 80.9301, 57.6132
132.269, 87.0703, 53.2458
205.14, 199.935, 82.4637
199.18, 192.15, 72.6656
198.239, 190.159, 70.5342
196.617, 185.307, 65.8044
196.496, 178.23, 60.6173
168.878, 148.377, 20.1534
164.909, 144.096, 14.4388
154.483, 132.077, 4.42996
150.523, 116.673, 19.6494
180.108, 206.053, 75.0029
197.924, 208.964, 85.616
164.818, 226.66, 91.2643
174.609, 212.102, 78.9779
52
154.488, 172.519, 5.06347
152.829, 136.187, 31.3072
154.488, 172.519, 5.06347
152.829, 136.187, 31.3072
154.488, 172.519, 5.06347
152.829, 136.187, 31.3072
154.488, 172.519, 5.06347
152.829, 136.187, 31.3072
154.488, 172.519, 5.06347
152.829, 136.187, 31.3072
154.488, 172.519, 5.06347
152.829, 136.187, 31.3072
154.488, 172.519, 5.06347
152.829, 136.187, 31.3072
154.488, 172.519, 5.06347
152.829, 136.187, 31.3072
154.488, 172.519, 5.06347
152.829, 136.187, 31.3072
154.488, 172.519, 5.06347
152.829, 136.187, 31.3072
154.488, 172.519, 5.06347
152.829, 136.187, 31.3072
154.488, 172.519, 5.06347
152.829, 136.187, 31.3072
154.488, 172.519, 5.06347
152.829, 136.187, 31.3072
154.488, 172.519, 5.06347
152.829, 136.187, 31.3072
154.488, 172.519, 5.06347
152.829, 136.187, 31.3072
154.488, 172.519, 5.06347
152.829, 136.187, 31.3072
154.488, 172.519, 5.06347
152.829, 136.187, 31.3072
154.488, 172.519, 5.06347
152.829, 136.187, 31.3072
209.965, 160.905, 56.0611
209.825, 204.846, 66.9479
205.14, 199.935, 60.3365
199.18, 192.15, 51.2332
198.239, 190.159, 49.466
196.617, 185.307, 45.9375
196.496, 178.23, 43.5602
197.733, 152.033, 46.1018
168.878, 148.377, 24.0209
164.909, 144.096, 25.6643
154.483, 132.077, 35.3834
180.108, 206.053, 46.4335
197.924, 208.964, 60.2216
164.818, 226.66, 60.1294
174.609, 212.102, 49.0494
259, 259, 139.083
52
154.117, 178.453, 5.9449
154.289, 167.46, 5.06347
154.117, 178.453, 5.9449
154.289, 167.46, 5.06347
154.117, 178.453, 5.9449
154.289, 167.46, 5.06347
154.117, 178.453, 5.9449
154.289, 167.46, 5.06347
154.117, 178.453, 5.9449
154.289, 167.46, 5.06347
154.117, 178.453, 5.9449
154.289, 167.46, 5.06347
154.117, 178.453, 5.9449
154.289, 167.46, 5.06347
154.117, 178.453, 5.9449
154.289, 167.46, 5.06347
154.117, 178.453, 5.9449
154.289, 167.46, 5.06347
154.117, 178.453, 5.9449
154.289, 167.46, 5.06347
154.117, 178.453, 5.9449
154.289, 167.46, 5.06347
154.117, 178.453, 5.9449
154.289, 167.46, 5.06347
154.117, 178.453, 5.9449
154.289, 167.46, 5.06347
154.117, 178.453, 5.9449
154.289, 167.46, 5.06347
154.117, 178.453, 5.9449
154.289, 167.46, 5.06347
154.117, 178.453, 5.9449
154.289, 167.46, 5.06347
154.117, 178.453, 5.9449
154.289, 167.46, 5.06347
154.117, 178.453, 5.9449
154.289, 167.46, 5.06347
209.965, 160.905, 56.68
209.825, 204.846, 64.0875
205.14, 199.935, 57.5954
199.18, 192.15, 48.8133
198.239, 190.159, 47.1731
196.617, 185.307, 44.0275
196.496, 178.23, 42.3949
197.733, 152.033, 47.8518
168.878, 148.377, 28.1057
164.909, 144.096, 30.2735
154.483, 132.077, 40.4424
180.108, 206.053, 42.2006
197.924, 208.964, 56.7001
164.818, 226.66, 55.1174
174.609, 212.102, 44.4032
259, 259, 135.653
52
146.805, 192.066, 15.4527
154.488, 172.519, 5.9449
146.805, 192.066, 15.4527
154.488, 172.519, 5.9449
146.805, 192.066, 15.4527
154.488, 172.519, 5.9449
146.805, 192.066, 15.4527
154.488, 172.519, 5.9449
146.805, 192.066, 15.4527
154.488, 172.519, 5.9449
146.805, 192.066, 15.4527
154.488, 172.519, 5.9449
146.805, 192.066, 15.4527
154.488, 172.519, 5.9449
146.805, 192.066, 15.4527
154.488, 172.519, 5.9449
146.805, 192.066, 15.4527
154.488, 172.519, 5.9449
146.805, 192.066, 15.4527
154.488, 172.519, 5.9449
146.805, 192.066, 15.4527
154.488, 172.519, 5.9449
146.805, 192.066, 15.4527
154.488, 172.519, 5.9449
146.805, 192.066, 15.4527
154.488, 172.519, 5.9449
146.805, 192.066, 15.4527
154.488, 172.519, 5.9449
146.805, 192.066, 15.4527
154.488, 172.519, 5.9449
146.805, 192.066, 15.4527
154.488, 172.519, 5.9449
146.805, 192.066, 15.4527
154.488, 172.519, 5.9449
146.805, 192.066, 15.4527
154.488, 172.519, 5.9449
209.965, 160.905, 58.5402
216.235, 207.946, 68.764
209.825, 204.846, 61.6442
205.14, 199.935, 55.3609
199.18, 192.15, 47.0988
198.239, 190.159, 45.6486
196.617, 185.307, 43.0497
196.496, 178.23, 42.3802
197.733, 152.033, 50.9935
168.878, 148.377, 33.5028
164.909, 144.096, 36.0117
180.108, 206.053, 37.9119
197.924, 208.964, 53.3854
166.376, 234.291, 57.1685
164.818, 226.66, 49.3809
174.609, 212.102, 39.398
53
110.433, 215.824, 43.4439
154.117, 178.453, 15.4527
110.433, 215.824, 43.4439
154.117, 178.453, 15.4527
110.433, 215.824, 43.4439
154.117, 178.453, 15.4527
110.433, 215.824, 43.4439
154.117, 178.453, 15.4527
110.433, 215.824, 43.4439
154.117, 178.453, 15.4527
110.433, 215.824, 43.4439
154.117, 178.453, 15.4527
110.433, 215.824, 43.4439
154.117, 178.453, 15.4527
110.433, 215.824, 43.4439
154.117, 178.453, 15.4527
110.433, 215.824, 43.4439
154.117, 178.453, 15.4527
110.433, 215.824, 43.4439
154.117, 178.453, 15.4527
110.433, 215.824, 43.4439
154.117, 178.453, 15.4527
110.433, 215.824, 43.4439
154.117, 178.453, 15.4527
110.433, 215.824, 43.4439
154.117, 178.453, 15.4527
110.433, 215.824, 43.4439
154.117, 178.453, 15.4527
110.433, 215.824, 43.4439
154.117, 178.453, 15.4527
110.433, 215.824, 43.4439
154.117, 178.453, 15.4527
110.433, 215.824, 43.4439
154.117, 178.453, 15.4527
110.433, 215.824, 43.4439
154.117, 178.453, 15.4527
209.965, 160.905, 70.4287
222.149, 209.305, 77.2912
216.235, 207.946, 71.2227
209.825, 204.846, 64.3028
205.14, 199.935, 58.8632
199.18, 192.15, 52.375
198.239, 190.159, 51.4692
196.617, 185.307, 50.2689
196.496, 178.23, 51.5818
214.882, 141.182, 84.9921
208.422, 145.548, 77.2047
197.733, 152.033, 64.7786
180.108, 206.053, 36.121
197.924, 208.964, 53.8394
166.376, 234.291, 46.5404
164.818, 226.66, 39.0028
174.609, 212.102, 34.2709
47
84.8218, 215.155, 25.6197
146.805, 192.066, 43.4439
84.8218, 215.155, 25.6197
146.805, 192.066, 43.4439
84.8218, 215.155, 25.6197
146.805, 192.066, 43.4439
84.8218, 215.155, 25.6197
146.805, 192.066, 43.4439
84.8218, 215.155, 25.6197
146.805, 192.066, 43.4439
84.8218, 215.155, 25.6197
146.805, 192.066, 43.4439
84.8218, 215.155, 25.6197
146.805, 192.066, 43.4439
84.8218, 215.155, 25.6197
146.805, 192.066, 43.4439
84.8218, 215.155, 25.6197
146.805, 192.066, 43.4439
84.8218, 215.155, 25.6197
146.805, 192.066, 43.4439
84.8218, 215.155, 25.6197
146.805, 192.066, 43.4439
84.8218, 215.155, 25.6197
146.805, 192.066, 43.4439
84.8218, 215.155, 25.6197
146.805, 192.066, 43.4439
84.8218, 215.155, 25.6197
146.805, 192.066, 43.4439
84.8218, 215.155, 25.6197
146.805, 192.066, 43.4439
84.8218, 215.155, 25.6197
146.805, 192.066, 43.4439
84.8218, 215.155, 25.6197
146.805, 192.066, 43.4439
84.8218, 215.155, 25.6197
146.805, 192.066, 43.4439
209.965, 160.905, 113.678
205.14, 199.935, 96.0305
199.18, 192.15, 91.8503
198.239, 190.159, 91.4799
196.617, 185.307, 91.4279
196.496, 178.23, 93.9163
180.108, 206.053, 70.3569
181.988, 245.767, 77.5681
166.376, 234.291, 58.9125
164.818, 226.66, 55.4541
174.609, 212.102, 64.2836
39
53.8694, 196.43, 36.1761
110.433, 215.824, 25.6197
53.8694, 196.43, 36.1761
110.433, 215.824, 25.6197
53.8694, 196.43, 36.1761
110.433, 215.824, 25.6197
53.8694, 196.43, 36.1761
110.433, 215.824, 25.6197
53.8694, 196.43, 36.1761
110.433, 215.824, 25.6197
53.8694, 196.43, 36.1761
110.433, 215.824, 25.6197
53.8694, 196.43, 36.1761
110.433, 215.824, 25.6197
53.8694, 196.43, 36.1761
110.433, 215.824, 25.6197
53.8694, 196.43, 36.1761
110.433, 215.824, 25.6197
53.8694, 196.43, 36.1761
110.433, 215.824, 25.6197
53.8694, 196.43, 36.1761
110.433, 215.824, 25.6197
53.8694, 196.43, 36.1761
110.433, 215.824, 25.6197
53.8694, 196.43, 36.1761
110.433, 215.824, 25.6197
53.8694, 196.43, 36.1761
110.433, 215.824, 25.6197
53.8694, 196.43, 36.1761
110.433, 215.824, 25.6197
53.8694, 196.43, 36.1761
110.433, 215.824, 25.6197
53.8694, 196.43, 36.1761
110.433, 215.824, 25.6197
53.8694, 196.43, 36.1761
110.433, 215.824, 25.6197
181.988, 245.767, 101.875
166.376, 234.291, 83.7691
164.818, 226.66, 80.819
36
39.0872, 166.64, 33.2558
84.8218, 215.155, 36.1761
39.0872, 166.64, 33.2558
84.8218, 215.155, 36.1761
39.0872, 166.64, 33.2558
84.8218, 215.155, 36.1761
39.0872, 166.64, 33.2558
84.8218, 215.155, 36.1761
39.0872, 166.64, 33.2558
84.8218, 215.155, 36.1761
39.0872, 166.64, 33.2558
84.8218, 215.155, 36.1761
39.0872, 166.64, 33.2558
84.8218, 215.155, 36.1761
39.0872, 166.64, 33.2558
84.8218, 215.155, 36.1761
39.0872, 166.64, 33.2558
84.8218, 215.155, 36.1761
39.0872, 166.64, 33.2558
84.8218, 215.155, 36.1761
39.0872, 166.64, 33.2558
84.8218, 215.155, 36.1761
39.0872, 166.64, 33.2558
84.8218, 215.155, 36.1761
39.0872, 166.64, 33.2558
84.8218, 215.155, 36.1761
39.0872, 166.64, 33.2558
84.8218, 215.155, 36.1761
39.0872, 166.64, 33.2558
84.8218, 215.155, 36.1761
39.0872, 166.64, 33.2558
84.8218, 215.155, 36.1761
39.0872, 166.64, 33.2558
84.8218, 215.155, 36.1761
39.0872, 166.64, 33.2558
84.8218, 215.155, 36.1761
41
38.6517, 153.437, 13.2095
53.8694, 196.43, 33.2558
38.6517, 153.437, 13.2095
53.8694, 196.43, 33.2558
38.6517, 153.437, 13.2095
53.8694, 196.43, 33.2558
38.6517, 153.437, 13.2095
53.8694, 196.43, 33.2558
38.6517, 153.437, 13.2095
53.8694, 196.43, 33.2558
38.6517, 153.437, 13.2095
53.8694, 196.43, 33.2558
38.6517, 153.437, 13.2095
53.8694, 196.43, 33.2558
38.6517, 153.437, 13.2095
53.8694, 196.43, 33.2558
38.6517, 153.437, 13.2095
53.8694, 196.43, 33.2558
38.6517, 153.437, 13.2095
53.8694, 196.43, 33.2558
38.6517, 153.437, 13.2095
53.8694, 196.43, 33.2558
38.6517, 153.437, 13.2095
53.8694, 196.43, 33.2558
38.6517, 153.437, 13.2095
53.8694, 196.43, 33.2558
38.6517, 153.437, 13.2095
53.8694, 196.43, 33.2558
38.6517, 153.437, 13.2095
53.8694, 196.43, 33.2558
38.6517, 153.437, 13.2095
53.8694, 196.43, 33.2558
38.6517, 153.437, 13.2095
53.8694, 196.43, 33.2558
38.6517, 153.437, 13.2095
53.8694, 196.43, 33.2558
33.0745, 130.443, 36.6925
32.9979, 132.934, 34.2511
32.554, 133.701, 33.5807
31.3535, 133.092, 34.4273
28.9156, 130.611, 37.4367
41
48.7184, 124.874, 30.2859
39.0872, 166.64, 13.2095
48.7184, 124.874, 30.2859
39.0872, 166.64, 13.2095
48.7184, 124.874, 30.2859
39.0872, 166.64, 13.2095
48.7184, 124.874, 30.2859
39.0872, 166.64, 13.2095
48.7184, 124.874, 30.2859
39.0872, 166.64, 13.2095
48.7184, 124.874, 30.2859
39.0872, 166.64, 13.2095
48.7184, 124.874, 30.2859
39.0872, 166.64, 13.2095
48.7184, 124.874, 30.2859
39.0872, 166.64, 13.2095
48.7184, 124.874, 30.2859
39.0872, 166.64, 13.2095
48.7184, 124.874, 30.2859
39.0872, 166.64, 13.2095
48.7184, 124.874, 30.2859
39.0872, 166.64, 13.2095
48.7184, 124.874, 30.2859
39.0872, 166.64, 13.2095
48.7184, 124.874, 30.2859
39.0872, 166.64, 13.2095
48.7184, 124.874, 30.2859
39.0872, 166.64, 13.2095
48.7184, 124.874, 30.2859
39.0872, 166.64, 13.2095
48.7184, 124.874, 30.2859
39.0872, 166.64, 13.2095
48.7184, 124.874, 30.2859
39.0872, 166.64, 13.2095
48.7184, 124.874, 30.2859
39.0872, 166.64, 13.2095
33.0745, 130.443, 23.661
32.9979, 132.934, 21.2684
32.554, 133.701, 20.6572
31.3535, 133.092, 21.6146
28.9156, 130.611, 24.8158
41
54.7448, 115.593, 11.0652
38.6517, 153.437, 30.2859
54.7448, 115.593, 11.0652
38.6517, 153.437, 30.2859
54.7448, 115.593, 11.0652
38.6517, 153.437, 30.2859
54.7448, 115.593, 11.0652
38.6517, 153.437, 30.2859
54.7448, 115.593, 11.0652
38.6517, 153.437, 30.2859
54.7448, 115.593, 11.0652
38.6517, 153.437, 30.2859
54.7448, 115.593, 11.0652
38.6517, 153.437, 30.2859
54.7448, 115.593, 11.0652
38.6517, 153.437, 30.2859
54.7448, 115.593, 11.0652
38.6517, 153.437, 30.2859
54.7448, 115.593, 11.0652
38.6517, 153.437, 30.2859
54.7448, 115.593, 11.0652
38.6517, 153.437, 30.2859
54.7448, 115.593, 11.0652
38.6517, 153.437, 30.2859
54.7448, 115.593, 11.0652
38.6517, 153.437, 30.2859
54.7448, 115.593, 11.0652
38.6517, 153.437, 30.2859
54.7448, 115.593, 11.0652
38.6517, 153.437, 30.2859
54.7448, 115.593, 11.0652
38.6517, 153.437, 30.2859
54.7448, 115.593, 11.0652
38.6517, 153.437, 30.2859
54.7448, 115.593, 11.0652
38.6517, 153.437, 30.2859
33.0745, 130.443, 16.6058
32.9979, 132.934, 17.6666
32.554, 133.701, 18.4176
28.9156, 130.611, 20.6173
29.2962, 130.587, 20.2452
43
67.29, 106.648, 15.408
48.7184, 124.874, 11.0652
67.29, 106.648, 15.408
48.7184, 124.874, 11.0652
67.29, 106.648, 15.408
48.7184, 124.874, 11.0652
67.29, 106.648, 15.408
48.7184, 124.874, 11.0652
67.29, 106.648, 15.408
48.7184, 124.874, 11.0652
67.29, 106.648, 15.408
48.7184, 124.874, 11.0652
67.29, 106.648, 15.408
48.7184, 124.874, 11.0652
67.29, 106.648, 15.408
48.7184, 124.874, 11.0652
67.29, 106.648, 15.408
48.7184, 124.874, 11.0652
67.29, 106.648, 15.408
48.7184, 124.874, 11.0652
67.29, 106.648, 15.408
48.7184, 124.874, 11.0652
67.29, 106.648, 15.408
48.7184, 124.874, 11.0652
67.29, 106.648, 15.408
48.7184, 124.874, 11.0652
67.29, 106.648, 15.408
48.7184, 124.874, 11.0652
67.29, 106.648, 15.408
48.7184, 124.874, 11.0652
67.29, 106.648, 15.408
48.7184, 124.874, 11.0652
67.29, 106.648, 15.408
48.7184, 124.874, 11.0652
67.29, 106.648, 15.408
48.7184, 124.874, 11.0652
33.0745, 130.443, 26.2701
32.9979, 132.934, 27.8142
32.554, 133.701, 28.641
28.9156, 130.611, 29.8778
29.2962, 130.587, 29.5371
112.49, 68.7814, 74.3363
113.008, 63.0622, 78.4481
43
82.7267, 99.2443, 17.1202
54.7448, 115.593, 15.408
82.7267, 99.2443, 17.1202
54.7448, 115.593, 15.408
82.7267, 99.2443, 17.1202
54.7448, 115.593, 15.408
82.7267, 99.2443, 17.1202
54.7448, 115.593, 15.408
82.7267, 99.2443, 17.1202
54.7448, 115.593, 15.408
82.7267, 99.2443, 17.1202
54.7448, 115.593, 15.408
82.7267, 99.2443, 17.1202
54.7448, 115.593, 15.408
82.7267, 99.2443, 17.1202
54.7448, 115.593, 15.408
82.7267, 99.2443, 17.1202
54.7448, 115.593, 15.408
82.7267, 99.2443, 17.1202
54.7448, 115.593, 15.408
82.7267, 99.2443, 17.1202
54.7448, 115.593, 15.408
82.7267, 99.2443, 17.1202
54.7448, 115.593, 15.408
82.7267, 99.2443, 17.1202
54.7448, 115.593, 15.408
82.7267, 99.2443, 17.1202
54.7448, 115.593, 15.408
82.7267, 99.2443, 17.1202
54.7448, 115.593, 15.408
82.7267, 99.2443, 17.1202
54.7448, 115.593, 15.408
82.7267, 99.2443, 17.1202
54.7448, 115.593, 15.408
82.7267, 99.2443, 17.1202
54.7448, 115.593, 15.408
33.0745, 130.443, 41.6764
28.9156, 130.611, 45.242
29.2962, 130.587, 44.9068
112.74, 82.7768, 51.3372
112.142, 79.7652, 52.2912
112.49, 68.7814, 58.9653
113.008, 63.0622, 63.165
47
98.3076, 96.9076, 15.7551
67.29, 106.648, 17.1202
98.3076, 96.9076, 15.7551
67.29, 106.648, 17.1202
98.3076, 96.9076, 15.7551
67.29, 106.648, 17.1202
98.3076, 96.9076, 15.7551
67.29, 106.648, 17.1202
98.3076, 96.9076, 15.7551
67.29, 106.648, 17.1202
98.3076, 96.9076, 15.7551
67.29, 106.648, 17.1202
98.3076, 96.9076, 15.7551
67.29, 106.648, 17.1202
98.3076, 96.9076, 15.7551
67.29, 106.648, 17.1202
98.3076, 96.9076, 15.7551
67.29, 106.648, 17.1202
98.3076, 96.9076, 15.7551
67.29, 106.648, 17.1202
98.3076, 96.9076, 15.7551
67.29, 106.648, 17.1202
98.3076, 96.9076, 15.7551
67.29, 106.648, 17.1202
98.3076, 96.9076, 15.7551
67.29, 106.648, 17.1202
98.3076, 96.9076, 15.7551
67.29, 106.648, 17.1202
98.3076, 96.9076, 15.7551
67.29, 106.648, 17.1202
98.3076, 96.9076, 15.7551
67.29, 106.648, 17.1202
98.3076, 96.9076, 15.7551
67.29, 106.648, 17.1202
98.3076, 96.9076, 15.7551
67.29, 106.648, 17.1202
228.274, 68.2351, 148.814
226.433, 69.5299, 146.746
125.795, 88.7622, 44.3255
117.768, 89.8152, 36.2879
112.74, 82.7768, 34.234
112.142, 79.7652, 35.2802
112.49, 68.7814, 42.5893
113.008, 63.0622, 47.1815
176.971, 79.9389, 96.2009
164.655, 85.3108, 83.1049
176.128, 80.2332, 95.3164

1
11
31
98.3076, 96.9076, 133.091
82.7267, 99.2443, 148.814
232.696, 68.971, 4.48359
226.433, 69.5299, 2.25026
232.696, 68.971, 4.48359
226.433, 69.5299, 2.25026
232.696, 68.971, 4.48359
226.433, 69.5299, 2.25026
232.696, 68.971, 4.48359
226.433, 69.5299, 2.25026
232.696, 68.971, 4.48359
226.433, 69.5299, 2.25026
232.696, 68.971, 4.48359
226.433, 69.5299, 2.25026
232.696, 68.971, 4.48359
226.433, 69.5299, 2.25026
232.696, 68.971, 4.48359
226.433, 69.5299, 2.25026
232.696, 68.971, 4.48359
226.433, 69.5299, 2.25026
232.696, 68.971, 4.48359
226.433, 69.5299, 2.25026
128.911, 60.6618, 99.6507
134.814, 65.8332, 93.4901
137.911, 73.2696, 90.5033
136.519, 80.9301, 92.6283
132.269, 87.0703, 97.8347
125.795, 88.7622, 104.514
176.971, 79.9389, 52.6211
191.285, 81.7333, 39.375
197.299, 82.828, 34.2399
20
235.318, 74.7967, 6.38819
228.274, 68.2351, 4.48359
235.318, 74.7967, 6.38819
228.274, 68.2351, 4.48359
235.318, 74.7967, 6.38819
228.274, 68.2351, 4.48359
235.318, 74.7967, 6.38819
228.274, 68.2351, 4.48359
235.318, 74.7967, 6.38819
228.274, 68.2351, 4.48359
235.318, 74.7967, 6.38819
228.274, 68.2351, 4.48359
235.318, 74.7967, 6.38819
228.274, 68.2351, 4.48359
235.318, 74.7967, 6.38819
228.274, 68.2351, 4.48359
235.318, 74.7967, 6.38819
228.274, 68.2351, 4.48359
235.318, 74.7967, 6.38819
228.274, 68.2351, 4.48359
28
233.782, 76.8288, 2.54689
232.696, 68.971, 6.38819
233.782, 76.8288, 2.54689
232.696, 68.971, 6.38819
233.782, 76.8288, 2.54689
232.696, 68.971, 6.38819
233.782, 76.8288, 2.54689
232.696, 68.971, 6.38819
233.782, 76.8288, 2.54689
232.696, 68.971, 6.38819
233.782, 76.8288, 2.54689
232.696, 68.971, 6.38819
233.782, 76.8288, 2.54689
232.696, 68.971, 6.38819
233.782, 76.8288, 2.54689
232.696, 68.971, 6.38819
233.782, 76.8288, 2.54689
232.696, 68.971, 6.38819
233.782, 76.8288, 2.54689
232.696, 68.971, 6.38819
219.828, 161.181, 87.762
231.255, 163.216, 88.5123
239.939, 169.055, 94.3716
242.886, 182.549, 108.018
225.242, 102.989, 29.9384
225.858, 108.559, 35.0627
226.428, 115.77, 41.9262
259, 259, 185.719
29
233.341, 77.1122, 0.524751
235.318, 74.7967, 2.54689
233.341, 77.1122, 0.524751
235.318, 74.7967, 2.54689
233.341, 77.1122, 0.524751
235.318, 74.7967, 2.54689
233.341, 77.1122, 0.524751
235.318, 74.7967, 2.54689
233.341, 77.1122, 0.524751
235.318, 74.7967, 2.54689
233.341, 77.1122, 0.524751
235.318, 74.7967, 2.54689
233.341, 77.1122, 0.524751
235.318, 74.7967, 2.54689
233.341, 77.1122, 0.524751
235.318, 74.7967, 2.54689
233.341, 77.1122, 0.524751
235.318, 74.7967, 2.54689
233.341, 77.1122, 0.524751
235.318, 74.7967, 2.54689
219.828, 161.181, 85.4986
231.255, 163.216, 86.4239
239.939, 169.055, 92.4316
242.886, 182.549, 106.111
215.584, 90.5929, 22.8175
225.242, 102.989, 27.5187
225.858, 108.559, 32.705
226.428, 115.77, 39.6292
259, 259, 183.908
29
229.513, 78.9099, 4.22895
233.782, 76.8288, 0.524751
229.513, 78.9099, 4.22895
233.782, 76.8288, 0.524751
229.513, 78.9099, 4.22895
233.782, 76.8288, 0.524751
229.513, 78.9099, 4.22895
233.782, 76.8288, 0.524751
229.513, 78.9099, 4.22895
233.782, 76.8288, 0.524751
229.513, 78.9099, 4.22895
233.782, 76.8288, 0.524751
229.513, 78.9099, 4.22895
233.782, 76.8288, 0.524751
229.513, 78.9099, 4.22895
233.782, 76.8288, 0.524751
229.513, 78.9099, 4.22895
233.782, 76.8288, 0.524751
229.513, 78.9099, 4.22895
233.782, 76.8288, 0.524751
219.828, 161.181, 85.1477
231.255, 163.216, 86.1287
239.939, 169.055, 92.1794
242.886, 182.549, 105.868
215.584, 90.5929, 22.2943
225.242, 102.989, 27.1142
225.858, 108.559, 32.325
226.428, 115.77, 39.2706
259, 259, 183.689
34
225.765, 76.2252, 4.61024
233.341, 77.1122, 4.22895
225.765, 76.2252, 4.61024
233.341, 77.1122, 4.22895
225.765, 76.2252, 4.61024
233.341, 77.1122, 4.22895
225.765, 76.2252, 4.61024
233.341, 77.1122, 4.22895
225.765, 76.2252, 4.61024
233.341, 77.1122, 4.22895
225.765, 76.2252, 4.61024
233.341, 77.1122, 4.22895
225.765, 76.2252, 4.61024
233.341, 77.1122, 4.22895
225.765, 76.2252, 4.61024
233.341, 77.1122, 4.22895
225.765, 76.2252, 4.61024
233.341, 77.1122, 4.22895
225.765, 76.2252, 4.61024
233.341, 77.1122, 4.22895
128.911, 60.6618, 102.243
134.814, 65.8332, 95.5969
137.911, 73.2696, 91.7757
231.255, 163.216, 84.3238
239.939, 169.055, 90.7462
242.886, 182.549, 104.498
176.971, 79.9389, 52.5522
191.285, 81.7333, 38.3323
197.299, 82.828, 32.4509
215.584, 90.5929, 18.18
225.242, 102.989, 24.4546
225.858, 108.559, 29.8738
226.428, 115.77, 36.9886
259, 259, 182.488
35
224.355, 74.9439, 1.90548
229.513, 78.9099, 4.61024
224.355, 74.9439, 1.90548
229.513, 78.9099, 4.61024
224.355, 74.9439, 1.90548
229.513, 78.9099, 4.61024
224.355, 74.9439, 1.90548
229.513, 78.9099, 4.61024
224.355, 74.9439, 1.90548
229.513, 78.9099, 4.61024
224.355, 74.9439, 1.90548
229.513, 78.9099, 4.61024
224.355, 74.9439, 1.90548
229.513, 78.9099, 4.61024
224.355, 74.9439, 1.90548
229.513, 78.9099, 4.61024
224.355, 74.9439, 1.90548
229.513, 78.9099, 4.61024
224.355, 74.9439, 1.90548
229.513, 78.9099, 4.61024
128.911, 60.6618, 98.0961
134.814, 65.8332, 91.5422
137.911, 73.2696, 87.904
136.519, 80.9301, 89.3694
231.255, 163.216, 87.1636
239.939, 169.055, 93.9058
242.886, 182.549, 107.693
176.971, 79.9389, 48.9354
191.285, 81.7333, 34.9174
197.299, 82.828, 29.2214
215.584, 90.5929, 17.6092
225.242, 102.989, 26.7685
225.858, 108.559, 32.3343
226.428, 115.77, 39.55
259, 259, 185.772
35
224.67, 71.8568, 3.10313
225.765, 76.2252, 1.90548
224.67, 71.8568, 3.10313
225.765, 76.2252, 1.90548
224.67, 71.8568, 3.10313
225.765, 76.2252, 1.90548
224.67, 71.8568, 3.10313
225.765, 76.2252, 1.90548
224.67, 71.8568, 3.10313
225.765, 76.2252, 1.90548
224.67, 71.8568, 3.10313
225.765, 76.2252, 1.90548
224.67, 71.8568, 3.10313
225.765, 76.2252, 1.90548
224.67, 71.8568, 3.10313
225.765, 76.2252, 1.90548
224.67, 71.8568, 3.10313
225.765, 76.2252, 1.90548
224.67, 71.8568, 3.10313
225.765, 76.2252, 1.90548
128.911, 60.6618, 96.506
134.814, 65.8332, 90.0024
137.911, 73.2696, 86.4602
136.519, 80.9301, 88.0389
231.255, 163.216, 88.5411
239.939, 169.055, 95.3929
242.886, 182.549, 109.189
176.971, 79.9389, 47.6465
191.285, 81.7333, 33.7597
197.299, 82.828, 28.1806
215.584, 90.5929, 17.9393
225.242, 102.989, 28.0588
225.858, 108.559, 33.6491
226.428, 115.77, 40.8784
259, 259, 187.288
29
225.47, 70.2649, 1.78171
224.355, 74.9439, 3.10313
225.47, 70.2649, 1.78171
224.355, 74.9439, 3.10313
225.47, 70.2649, 1.78171
224.355, 74.9439, 3.10313
225.47, 70.2649, 1.78171
224.355, 74.9439, 3.10313
225.47, 70.2649, 1.78171
224.355, 74.9439, 3.10313
225.47, 70.2649, 1.78171
224.355, 74.9439, 3.10313
225.47, 70.2649, 1.78171
224.355, 74.9439, 3.10313
225.47, 70.2649, 1.78171
224.355, 74.9439, 3.10313
225.47, 70.2649, 1.78171
224.355, 74.9439, 3.10313
225.47, 70.2649, 1.78171
224.355, 74.9439, 3.10313
128.911, 60.6618, 96.4111
134.814, 65.8332, 90.0573
137.911, 73.2696, 86.7711
136.519, 80.9301, 88.6164
132.269, 87.0703, 93.645
176.971, 79.9389, 48.3793
191.285, 81.7333, 34.8157
197.299, 82.828, 29.4878
215.584, 90.5929, 20.8231
29
226.433, 69.5299, 1.21146
224.67, 71.8568, 1.78171
226.433, 69.5299, 1.21146
224.67, 71.8568, 1.78171
226.433, 69.5299, 1.21146
224.67, 71.8568, 1.78171
226.433, 69.5299, 1.21146
224.67, 71.8568, 1.78171
226.433, 69.5299, 1.21146
224.67, 71.8568, 1.78171
226.433, 69.5299, 1.21146
224.67, 71.8568, 1.78171
226.433, 69.5299, 1.21146
224.67, 71.8568, 1.78171
226.433, 69.5299, 1.21146
224.67, 71.8568, 1.78171
226.433, 69.5299, 1.21146
224.67, 71.8568, 1.78171
226.433, 69.5299, 1.21146
224.67, 71.8568, 1.78171
128.911, 60.6618, 97.0354
134.814, 65.8332, 90.764
137.911, 73.2696, 87.6112
136.519, 80.9301, 89.5879
132.269, 87.0703, 94.704
125.795, 88.7622, 101.377
176.971, 79.9389, 49.455
191.285, 81.7333, 36.058
197.299, 82.828, 30.8454
30
82.7267, 99.2443, 146.746
228.274, 68.2351, 2.25026
225.47, 70.2649, 1.21146
228.274, 68.2351, 2.25026
225.47, 70.2649, 1.21146
228.274, 68.2351, 2.25026
225.47, 70.2649, 1.21146
228.274, 68.2351, 2.25026
225.47, 70.2649, 1.21146
228.274, 68.2351, 2.25026
225.47, 70.2649, 1.21146
228.274, 68.2351, 2.25026
225.47, 70.2649, 1.21146
228.274, 68.2351, 2.25026
225.47, 70.2649, 1.21146
228.274, 68.2351, 2.25026
225.47, 70.2649, 1.21146
228.274, 68.2351, 2.25026
225.47, 70.2649, 1.21146
228.274, 68.2351, 2.25026
225.47, 70.2649, 1.21146
128.911, 60.6618, 97.9244
134.814, 65.8332, 91.6933
137.911, 73.2696, 88.6017
136.519, 80.9301, 90.6336
132.269, 87.0703, 95.7838
125.795, 88.7622, 102.459
176.971, 79.9389, 50.546
191.285, 81.7333, 37.2068
197.299, 82.828, 32.0255

2
6
17
39.0872, 166.64, 36.6925
38.6517, 153.437, 23.661
48.7184, 124.874, 16.6058
54.7448, 115.593, 26.2701
67.29, 106.648, 41.6764
32.9979, 132.934, 2.49221
29.2962, 130.587, 3.78102
32.9979, 132.934, 2.49221
29.2962, 130.587, 3.78102
32.9979, 132.934, 2.49221
29.2962, 130.587, 3.78102
32.9979, 132.934, 2.49221
29.2962, 130.587, 3.78102
32.9979, 132.934, 2.49221
29.2962, 130.587, 3.78102
112.49, 68.7814, 100.544
113.008, 63.0622, 104.544
16
39.0872, 166.64, 34.2511
38.6517, 153.437, 21.2684
48.7184, 124.874, 17.6666
54.7448, 115.593, 27.8142
32.554, 133.701, 0.885751
33.0745, 130.443, 2.49221
32.554, 133.701, 0.885751
33.0745, 130.443, 2.49221
32.554, 133.701, 0.885751
33.0745, 130.443, 2.49221
32.554, 133.701, 0.885751
33.0745, 130.443, 2.49221
32.554, 133.701, 0.885751
33.0745, 130.443, 2.49221
112.49, 68.7814, 102.15
113.008, 63.0622, 106.225
15
39.0872, 166.64, 33.5807
38.6517, 153.437, 20.6572
48.7184, 124.874, 18.4176
54.7448, 115.593, 28.641
31.3535, 133.092, 1.34587
32.9979, 132.934, 0.885751
31.3535, 133.092, 1.34587
32.9979, 132.934, 0.885751
31.3535, 133.092, 1.34587
32.9979, 132.934, 0.885751
31.3535, 133.092, 1.34587
32.9979, 132.934, 0.885751
31.3535, 133.092, 1.34587
32.9979, 132.934, 0.885751
113.008, 63.0622, 107.064
12
39.0872, 166.64, 34.4273
38.6517, 153.437, 21.6146
28.9156, 130.611, 3.47826
32.554, 133.701, 1.34587
28.9156, 130.611, 3.47826
32.554, 133.701, 1.34587
28.9156, 130.611, 3.47826
32.554, 133.701, 1.34587
28.9156, 130.611, 3.47826
32.554, 133.701, 1.34587
28.9156, 130.611, 3.47826
32.554, 133.701, 1.34587
17
39.0872, 166.64, 37.4367
38.6517, 153.437, 24.8158
48.7184, 124.874, 20.6173
54.7448, 115.593, 29.8778
67.29, 106.648, 45.242
29.2962, 130.587, 0.381302
31.3535, 133.092, 3.47826
29.2962, 130.587, 0.381302
31.3535, 133.092, 3.47826
29.2962, 130.587, 0.381302
31.3535, 133.092, 3.47826
29.2962, 130.587, 0.381302
31.3535, 133.092, 3.47826
29.2962, 130.587, 0.381302
31.3535, 133.092, 3.47826
112.49, 68.7814, 103.96
113.008, 63.0622, 107.863
15
48.7184, 124.874, 20.2452
54.7448, 115.593, 29.5371
67.29, 106.648, 44.9068
33.0745, 130.443, 3.78102
28.9156, 130.611, 0.381302
33.0745, 130.443, 3.78102
28.9156, 130.611, 0.381302
33.0745, 130.443, 3.78102
28.9156, 130.611, 0.381302
33.0745, 130.443, 3.78102
28.9156, 130.611, 0.381302
33.0745, 130.443, 3.78102
28.9156, 130.611, 0.381302
112.49, 68.7814, 103.64
113.008, 63.0622, 107.551

3
12
22
128.911, 60.6618, 9.98199
113.008, 63.0622, 6.65836
128.911, 60.6618, 9.98199
113.008, 63.0622, 6.65836
128.911, 60.6618, 9.98199
113.008, 63.0622, 6.65836
128.911, 60.6618, 9.98199
113.008, 63.0622, 6.65836
128.911, 60.6618, 9.98199
113.008, 63.0622, 6.65836
128.911, 60.6618, 9.98199
113.008, 63.0622, 6.65836
128.911, 60.6618, 9.98199
113.008, 63.0622, 6.65836
128.911, 60.6618, 9.98199
113.008, 63.0622, 6.65836
128.911, 60.6618, 9.98199
113.008, 63.0622, 6.65836
128.911, 60.6618, 9.98199
113.008, 63.0622, 6.65836
128.911, 60.6618, 9.98199
113.008, 63.0622, 6.65836
34
228.274, 68.2351, 99.6507
229.513, 78.9099, 102.243
225.765, 76.2252, 98.0961
224.355, 74.9439, 96.506
224.67, 71.8568, 96.4111
225.47, 70.2649, 97.0354
226.433, 69.5299, 97.9244
134.814, 65.8332, 7.84806
118.948, 60.0537, 9.98199
134.814, 65.8332, 7.84806
118.948, 60.0537, 9.98199
134.814, 65.8332, 7.84806
118.948, 60.0537, 9.98199
134.814, 65.8332, 7.84806
118.948, 60.0537, 9.98199
134.814, 65.8332, 7.84806
118.948, 60.0537, 9.98199
134.814, 65.8332, 7.84806
118.948, 60.0537, 9.98199
134.814, 65.8332, 7.84806
118.948, 60.0537, 9.98199
134.814, 65.8332, 7.84806
118.948, 60.0537, 9.98199
134.814, 65.8332, 7.84806
118.948, 60.0537, 9.98199
134.814, 65.8332, 7.84806
118.948, 60.0537, 9.98199
134.814, 65.8332, 7.84806
118.948, 60.0537, 9.98199
176.971, 79.9389, 51.7814
191.285, 81.7333, 65.8366
197.299, 82.828, 71.8907
164.655, 85.3108, 43.419
176.128, 80.2332, 51.1122
37
228.274, 68.2351, 93.4901
229.513, 78.9099, 95.5969
225.765, 76.2252, 91.5422
224.355, 74.9439, 90.0024
224.67, 71.8568, 90.0573
225.47, 70.2649, 90.764
226.433, 69.5299, 91.6933
137.911, 73.2696, 8.05513
128.911, 60.6618, 7.84806
137.911, 73.2696, 8.05513
128.911, 60.6618, 7.84806
137.911, 73.2696, 8.05513
128.911, 60.6618, 7.84806
137.911, 73.2696, 8.05513
128.911, 60.6618, 7.84806
137.911, 73.2696, 8.05513
128.911, 60.6618, 7.84806
137.911, 73.2696, 8.05513
128.911, 60.6618, 7.84806
137.911, 73.2696, 8.05513
128.911, 60.6618, 7.84806
137.911, 73.2696, 8.05513
128.911, 60.6618, 7.84806
137.911, 73.2696, 8.05513
128.911, 60.6618, 7.84806
137.911, 73.2696, 8.05513
128.911, 60.6618, 7.84806
137.911, 73.2696, 8.05513
128.911, 60.6618, 7.84806
176.971, 79.9389, 44.4535
191.285, 81.7333, 58.6659
197.299, 82.828, 64.7547
152.035, 107.094, 44.7102
153.494, 101.071, 39.8827
158.619, 93.583, 36.561
164.655, 85.3108, 35.6349
176.128, 80.2332, 43.7511
42
137.523, 114.241, 40.9736
150.028, 130.352, 58.354
152.829, 136.187, 64.6614
228.274, 68.2351, 90.5033
229.513, 78.9099, 91.7757
225.765, 76.2252, 87.904
224.355, 74.9439, 86.4602
224.67, 71.8568, 86.7711
225.47, 70.2649, 87.6112
226.433, 69.5299, 88.6017
136.519, 80.9301, 7.78572
134.814, 65.8332, 8.05513
136.519, 80.9301, 7.78572
134.814, 65.8332, 8.05513
136.519, 80.9301, 7.78572
134.814, 65.8332, 8.05513
136.519, 80.9301, 7.78572
134.814, 65.8332, 8.05513
136.519, 80.9301, 7.78572
134.814, 65.8332, 8.05513
136.519, 80.9301, 7.78572
134.814, 65.8332, 8.05513
136.519, 80.9301, 7.78572
134.814, 65.8332, 8.05513
136.519, 80.9301, 7.78572
134.814, 65.8332, 8.05513
136.519, 80.9301, 7.78572
134.814, 65.8332, 8.05513
136.519, 80.9301, 7.78572
134.814, 65.8332, 8.05513
136.519, 80.9301, 7.78572
134.814, 65.8332, 8.05513
176.971, 79.9389, 39.6254
191.285, 81.7333, 54.041
154.483, 132.077, 61.0976
150.523, 116.673, 45.1987
152.035, 107.094, 36.6551
153.494, 101.071, 31.871
158.619, 93.583, 29.0083
164.655, 85.3108, 29.3304
176.128, 80.2332, 38.8467
174.609, 212.102, 143.601
41
122.605, 106.612, 29.2092
137.523, 114.241, 33.3264
150.028, 130.352, 51.2345
152.829, 136.187, 57.6132
228.274, 68.2351, 92.6283
225.765, 76.2252, 89.3694
224.355, 74.9439, 88.0389
224.67, 71.8568, 88.6164
225.47, 70.2649, 89.5879
226.433, 69.5299, 90.6336
132.269, 87.0703, 7.46774
137.911, 73.2696, 7.78572
132.269, 87.0703, 7.46774
137.911, 73.2696, 7.78572
132.269, 87.0703, 7.46774
137.911, 73.2696, 7.78572
132.269, 87.0703, 7.46774
137.911, 73.2696, 7.78572
132.269, 87.0703, 7.46774
137.911, 73.2696, 7.78572
132.269, 87.0703, 7.46774
137.911, 73.2696, 7.78572
132.269, 87.0703, 7.46774
137.911, 73.2696, 7.78572
132.269, 87.0703, 7.46774
137.911, 73.2696, 7.78572
132.269, 87.0703, 7.46774
137.911, 73.2696, 7.78572
132.269, 87.0703, 7.46774
137.911, 73.2696, 7.78572
132.269, 87.0703, 7.46774
137.911, 73.2696, 7.78572
176.971, 79.9389, 40.4633
154.483, 132.077, 54.2095
150.523, 116.673, 38.3883
152.035, 107.094, 30.4186
153.494, 101.071, 26.3399
158.619, 93.583, 25.4656
164.655, 85.3108, 28.4748
176.128, 80.2332, 39.6147
180.108, 206.053, 132.498
40
98.3076, 96.9076, 35.3576
109.717, 101.26, 26.6454
122.605, 106.612, 21.8009
137.523, 114.241, 27.6743
150.028, 130.352, 46.783
152.829, 136.187, 53.2458
228.274, 68.2351, 97.8347
224.67, 71.8568, 93.645
225.47, 70.2649, 94.704
226.433, 69.5299, 95.7838
125.795, 88.7622, 6.6916
136.519, 80.9301, 7.46774
125.795, 88.7622, 6.6916
136.519, 80.9301, 7.46774
125.795, 88.7622, 6.6916
136.519, 80.9301, 7.46774
125.795, 88.7622, 6.6916
136.519, 80.9301, 7.46774
125.795, 88.7622, 6.6916
136.519, 80.9301, 7.46774
125.795, 88.7622, 6.6916
136.519, 80.9301, 7.46774
125.795, 88.7622, 6.6916
136.519, 80.9301, 7.46774
125.795, 88.7622, 6.6916
136.519, 80.9301, 7.46774
125.795, 88.7622, 6.6916
136.519, 80.9301, 7.46774
125.795, 88.7622, 6.6916
136.519, 80.9301, 7.46774
125.795, 88.7622, 6.6916
136.519, 80.9301, 7.46774
176.971, 79.9389, 45.2667
154.483, 132.077, 50.1899
150.523, 116.673, 34.7782
152.035, 107.094, 28.1362
153.494, 101.071, 25.4265
158.619, 93.583, 27.1429
164.655, 85.3108, 32.4338
176.128, 80.2332, 44.3885
40
98.3076, 96.9076, 28.6689
109.717, 101.26, 20.3647
122.605, 106.612, 18.1326
137.523, 114.241, 28.0488
150.028, 130.352, 48.1344
82.7267, 99.2443, 44.3255
228.274, 68.2351, 104.514
225.47, 70.2649, 101.377
226.433, 69.5299, 102.459
117.768, 89.8152, 8.09565
132.269, 87.0703, 6.6916
117.768, 89.8152, 8.09565
132.269, 87.0703, 6.6916
117.768, 89.8152, 8.09565
132.269, 87.0703, 6.6916
117.768, 89.8152, 8.09565
132.269, 87.0703, 6.6916
117.768, 89.8152, 8.09565
132.269, 87.0703, 6.6916
117.768, 89.8152, 8.09565
132.269, 87.0703, 6.6916
117.768, 89.8152, 8.09565
132.269, 87.0703, 6.6916
117.768, 89.8152, 8.09565
132.269, 87.0703, 6.6916
117.768, 89.8152, 8.09565
132.269, 87.0703, 6.6916
117.768, 89.8152, 8.09565
132.269, 87.0703, 6.6916
117.768, 89.8152, 8.09565
132.269, 87.0703, 6.6916
176.971, 79.9389, 51.9307
154.483, 132.077, 51.9533
150.523, 116.673, 37.2893
152.035, 107.094, 32.0095
153.494, 101.071, 30.3106
158.619, 93.583, 33.1763
164.655, 85.3108, 39.0132
176.128, 80.2332, 51.0505
197.924, 208.964, 140.182
35
98.3076, 96.9076, 20.7127
109.717, 101.26, 13.9936
122.605, 106.612, 17.4792
137.523, 114.241, 31.4149
82.7267, 99.2443, 36.2879
112.74, 82.7768, 8.64997
125.795, 88.7622, 8.09565
112.74, 82.7768, 8.64997
125.795, 88.7622, 8.09565
112.74, 82.7768, 8.64997
125.795, 88.7622, 8.09565
112.74, 82.7768, 8.64997
125.795, 88.7622, 8.09565
112.74, 82.7768, 8.64997
125.795, 88.7622, 8.09565
112.74, 82.7768, 8.64997
125.795, 88.7622, 8.09565
112.74, 82.7768, 8.64997
125.795, 88.7622, 8.09565
112.74, 82.7768, 8.64997
125.795, 88.7622, 8.09565
112.74, 82.7768, 8.64997
125.795, 88.7622, 8.09565
112.74, 82.7768, 8.64997
125.795, 88.7622, 8.09565
112.74, 82.7768, 8.64997
125.795, 88.7622, 8.09565
196.617, 185.307, 123.838
164.909, 144.096, 71.8933
154.483, 132.077, 55.9822
150.523, 116.673, 42.3584
152.035, 107.094, 38.3771
153.494, 101.071, 37.4569
158.619, 93.583, 41.0244
164.655, 85.3108, 47.103
27
98.3076, 96.9076, 20.1983
109.717, 101.26, 18.7292
122.605, 106.612, 25.7958
67.29, 106.648, 51.3372
82.7267, 99.2443, 34.234
112.142, 79.7652, 3.07042
117.768, 89.8152, 8.64997
112.142, 79.7652, 3.07042
117.768, 89.8152, 8.64997
112.142, 79.7652, 3.07042
117.768, 89.8152, 8.64997
112.142, 79.7652, 3.07042
117.768, 89.8152, 8.64997
112.142, 79.7652, 3.07042
117.768, 89.8152, 8.64997
112.142, 79.7652, 3.07042
117.768, 89.8152, 8.64997
112.142, 79.7652, 3.07042
117.768, 89.8152, 8.64997
112.142, 79.7652, 3.07042
117.768, 89.8152, 8.64997
112.142, 79.7652, 3.07042
117.768, 89.8152, 8.64997
112.142, 79.7652, 3.07042
117.768, 89.8152, 8.64997
112.142, 79.7652, 3.07042
117.768, 89.8152, 8.64997
26
98.3076, 96.9076, 22.0285
109.717, 101.26, 21.6316
67.29, 106.648, 52.2912
82.7267, 99.2443, 35.2802
112.49, 68.7814, 10.9893
112.74, 82.7768, 3.07042
112.49, 68.7814, 10.9893
112.74, 82.7768, 3.07042
112.49, 68.7814, 10.9893
112.74, 82.7768, 3.07042
112.49, 68.7814, 10.9893
112.74, 82.7768, 3.07042
112.49, 68.7814, 10.9893
112.74, 82.7768, 3.07042
112.49, 68.7814, 10.9893
112.74, 82.7768, 3.07042
112.49, 68.7814, 10.9893
112.74, 82.7768, 3.07042
112.49, 68.7814, 10.9893
112.74, 82.7768, 3.07042
112.49, 68.7814, 10.9893
112.74, 82.7768, 3.07042
112.49, 68.7814, 10.9893
112.74, 82.7768, 3.07042
112.49, 68.7814, 10.9893
112.74, 82.7768, 3.07042
31
98.3076, 96.9076, 31.4996
109.717, 101.26, 32.5972
54.7448, 115.593, 74.3363
67.29, 106.648, 58.9653
82.7267, 99.2443, 42.5893
33.0745, 130.443, 100.544
32.9979, 132.934, 102.15
28.9156, 130.611, 103.96
29.2962, 130.587, 103.64
113.008, 63.0622, 5.74265
112.142, 79.7652, 10.9893
113.008, 63.0622, 5.74265
112.142, 79.7652, 10.9893
113.008, 63.0622, 5.74265
112.142, 79.7652, 10.9893
113.008, 63.0622, 5.74265
112.142, 79.7652, 10.9893
113.008, 63.0622, 5.74265
112.142, 79.7652, 10.9893
113.008, 63.0622, 5.74265
112.142, 79.7652, 10.9893
113.008, 63.0622, 5.74265
112.142, 79.7652, 10.9893
113.008, 63.0622, 5.74265
112.142, 79.7652, 10.9893
113.008, 63.0622, 5.74265
112.142, 79.7652, 10.9893
113.008, 63.0622, 5.74265
112.142, 79.7652, 10.9893
113.008, 63.0622, 5.74265
112.142, 79.7652, 10.9893
31
98.3076, 96.9076, 36.9
54.7448, 115.593, 78.4481
67.29, 106.648, 63.165
82.7267, 99.2443, 47.1815
33.0745, 130.443, 104.544
32.9979, 132.934, 106.225
32.554, 133.701, 107.064
28.9156, 130.611, 107.863
29.2962, 130.587, 107.551
118.948, 60.0537, 6.65836
112.49, 68.7814, 5.74265
118.948, 60.0537, 6.65836
112.49, 68.7814, 5.74265
118.948, 60.0537, 6.65836
112.49, 68.7814, 5.74265
118.948, 60.0537, 6.65836
112.49, 68.7814, 5.74265
118.948, 60.0537, 6.65836
112.49, 68.7814, 5.74265
118.948, 60.0537, 6.65836
112.49, 68.7814, 5.74265
118.948, 60.0537, 6.65836
112.49, 68.7814, 5.74265
118.948, 60.0537, 6.65836
112.49, 68.7814, 5.74265
118.948, 60.0537, 6.65836
112.49, 68.7814, 5.74265
118.948, 60.0537, 6.65836
112.49, 68.7814, 5.74265
118.948, 60.0537, 6.65836
112.49, 68.7814, 5.74265

4
16
40
154.289, 167.46, 56.0611
154.488, 172.519, 56.68
154.117, 178.453, 58.5402
146.805, 192.066, 70.4287
110.433, 215.824, 113.678
219.828, 161.181, 9.8669
196.496, 178.23, 21.9442
219.828, 161.181, 9.8669
196.496, 178.23, 21.9442
219.828, 161.181, 9.8669
196.496, 178.23, 21.9442
219.828, 161.181, 9.8669
196.496, 178.23, 21.9442
219.828, 161.181, 9.8669
196.496, 178.23, 21.9442
219.828, 161.181, 9.8669
196.496, 178.23, 21.9442
219.828, 161.181, 9.8669
196.496, 178.23, 21.9442
219.828, 161.181, 9.8669
196.496, 178.23, 21.9442
219.828, 161.181, 9.8669
196.496, 178.23, 21.9442
219.828, 161.181, 9.8669
196.496, 178.23, 21.9442
219.828, 161.181, 9.8669
196.496, 178.23, 21.9442
219.828, 161.181, 9.8669
196.496, 178.23, 21.9442
219.828, 161.181, 9.8669
196.496, 178.23, 21.9442
219.828, 161.181, 9.8669
196.496, 178.23, 21.9442
219.828, 161.181, 9.8669
196.496, 178.23, 21.9442
221.206, 133.866, 29.2829
214.882, 141.182, 20.3269
208.422, 145.548, 15.4345
197.733, 152.033, 15.1114
168.878, 148.377, 42.955
39
235.318, 74.7967, 87.762
233.782, 76.8288, 85.4986
233.341, 77.1122, 85.1477
231.255, 163.216, 11.6068
209.965, 160.905, 9.8669
231.255, 163.216, 11.6068
209.965, 160.905, 9.8669
231.255, 163.216, 11.6068
209.965, 160.905, 9.8669
231.255, 163.216, 11.6068
209.965, 160.905, 9.8669
231.255, 163.216, 11.6068
209.965, 160.905, 9.8669
231.255, 163.216, 11.6068
209.965, 160.905, 9.8669
231.255, 163.216, 11.6068
209.965, 160.905, 9.8669
231.255, 163.216, 11.6068
209.965, 160.905, 9.8669
231.255, 163.216, 11.6068
209.965, 160.905, 9.8669
231.255, 163.216, 11.6068
209.965, 160.905, 9.8669
231.255, 163.216, 11.6068
209.965, 160.905, 9.8669
231.255, 163.216, 11.6068
209.965, 160.905, 9.8669
231.255, 163.216, 11.6068
209.965, 160.905, 9.8669
231.255, 163.216, 11.6068
209.965, 160.905, 9.8669
231.255, 163.216, 11.6068
209.965, 160.905, 9.8669
226.428, 115.77, 45.8884
221.206, 133.866, 27.35
214.882, 141.182, 20.6018
208.422, 145.548, 19.3519
197.733, 152.033, 23.9145
168.878, 148.377, 52.5347
43
235.318, 74.7967, 88.5123
233.782, 76.8288, 86.4239
233.341, 77.1122, 86.1287
229.513, 78.9099, 84.3238
225.765, 76.2252, 87.1636
224.355, 74.9439, 88.5411
239.939, 169.055, 10.4646
219.828, 161.181, 11.6068
239.939, 169.055, 10.4646
219.828, 161.181, 11.6068
239.939, 169.055, 10.4646
219.828, 161.181, 11.6068
239.939, 169.055, 10.4646
219.828, 161.181, 11.6068
239.939, 169.055, 10.4646
219.828, 161.181, 11.6068
239.939, 169.055, 10.4646
219.828, 161.181, 11.6068
239.939, 169.055, 10.4646
219.828, 161.181, 11.6068
239.939, 169.055, 10.4646
219.828, 161.181, 11.6068
239.939, 169.055, 10.4646
219.828, 161.181, 11.6068
239.939, 169.055, 10.4646
219.828, 161.181, 11.6068
239.939, 169.055, 10.4646
219.828, 161.181, 11.6068
239.939, 169.055, 10.4646
219.828, 161.181, 11.6068
239.939, 169.055, 10.4646
219.828, 161.181, 11.6068
239.939, 169.055, 10.4646
219.828, 161.181, 11.6068
239.939, 169.055, 10.4646
219.828, 161.181, 11.6068
225.858, 108.559, 54.9221
226.428, 115.77, 47.6909
221.206, 133.866, 31.0226
214.882, 141.182, 27.4514
208.422, 145.548, 28.8706
197.733, 152.033, 35.3387
168.878, 148.377, 64.1182
42
235.318, 74.7967, 94.3716
233.782, 76.8288, 92.4316
233.341, 77.1122, 92.1794
229.513, 78.9099, 90.7462
225.765, 76.2252, 93.9058
224.355, 74.9439, 95.3929
242.886, 182.549, 13.8118
231.255, 163.216, 10.4646
242.886, 182.549, 13.8118
231.255, 163.216, 10.4646
242.886, 182.549, 13.8118
231.255, 163.216, 10.4646
242.886, 182.549, 13.8118
231.255, 163.216, 10.4646
242.886, 182.549, 13.8118
231.255, 163.216, 10.4646
242.886, 182.549, 13.8118
231.255, 163.216, 10.4646
242.886, 182.549, 13.8118
231.255, 163.216, 10.4646
242.886, 182.549, 13.8118
231.255, 163.216, 10.4646
242.886, 182.549, 13.8118
231.255, 163.216, 10.4646
242.886, 182.549, 13.8118
231.255, 163.216, 10.4646
242.886, 182.549, 13.8118
231.255, 163.216, 10.4646
242.886, 182.549, 13.8118
231.255, 163.216, 10.4646
242.886, 182.549, 13.8118
231.255, 163.216, 10.4646
242.886, 182.549, 13.8118
231.255, 163.216, 10.4646
242.886, 182.549, 13.8118
231.255, 163.216, 10.4646
225.242, 102.989, 67.6815
225.858, 108.559, 62.1128
226.428, 115.77, 54.9716
221.206, 133.866, 39.8649
214.882, 141.182, 37.4804
208.422, 145.548, 39.3182
37
235.318, 74.7967, 108.018
233.782, 76.8288, 106.111
233.341, 77.1122, 105.868
229.513, 78.9099, 104.498
225.765, 76.2252, 107.693
224.355, 74.9439, 109.189
240.405, 199.415, 17.0472
239.939, 169.055, 13.8118
240.405, 199.415, 17.0472
239.939, 169.055, 13.8118
240.405, 199.415, 17.0472
239.939, 169.055, 13.8118
240.405, 199.415, 17.0472
239.939, 169.055, 13.8118
240.405, 199.415, 17.0472
239.939, 169.055, 13.8118
240.405, 199.415, 17.0472
239.939, 169.055, 13.8118
240.405, 199.415, 17.0472
239.939, 169.055, 13.8118
240.405, 199.415, 17.0472
239.939, 169.055, 13.8118
240.405, 199.415, 17.0472
239.939, 169.055, 13.8118
240.405, 199.415, 17.0472
239.939, 169.055, 13.8118
240.405, 199.415, 17.0472
239.939, 169.055, 13.8118
240.405, 199.415, 17.0472
239.939, 169.055, 13.8118
240.405, 199.415, 17.0472
239.939, 169.055, 13.8118
240.405, 199.415, 17.0472
239.939, 169.055, 13.8118
240.405, 199.415, 17.0472
239.939, 169.055, 13.8118
259, 259, 78.1309
32
236.957, 202.455, 4.59677
242.886, 182.549, 17.0472
236.957, 202.455, 4.59677
242.886, 182.549, 17.0472
236.957, 202.455, 4.59677
242.886, 182.549, 17.0472
236.957, 202.455, 4.59677
242.886, 182.549, 17.0472
236.957, 202.455, 4.59677
242.886, 182.549, 17.0472
236.957, 202.455, 4.59677
242.886, 182.549, 17.0472
236.957, 202.455, 4.59677
242.886, 182.549, 17.0472
236.957, 202.455, 4.59677
242.886, 182.549, 17.0472
236.957, 202.455, 4.59677
242.886, 182.549, 17.0472
236.957, 202.455, 4.59677
242.886, 182.549, 17.0472
236.957, 202.455, 4.59677
242.886, 182.549, 17.0472
236.957, 202.455, 4.59677
242.886, 182.549, 17.0472
236.957, 202.455, 4.59677
242.886, 182.549, 17.0472
236.957, 202.455, 4.59677
242.886, 182.549, 17.0472
236.957, 202.455, 4.59677
242.886, 182.549, 17.0472
203.514, 237.149, 52.7717
259, 259, 62.4196
34
228.143, 207.834, 10.3256
240.405, 199.415, 4.59677
228.143, 207.834, 10.3256
240.405, 199.415, 4.59677
228.143, 207.834, 10.3256
240.405, 199.415, 4.59677
228.143, 207.834, 10.3256
240.405, 199.415, 4.59677
228.143, 207.834, 10.3256
240.405, 199.415, 4.59677
228.143, 207.834, 10.3256
240.405, 199.415, 4.59677
228.143, 207.834, 10.3256
240.405, 199.415, 4.59677
228.143, 207.834, 10.3256
240.405, 199.415, 4.59677
228.143, 207.834, 10.3256
240.405, 199.415, 4.59677
228.143, 207.834, 10.3256
240.405, 199.415, 4.59677
228.143, 207.834, 10.3256
240.405, 199.415, 4.59677
228.143, 207.834, 10.3256
240.405, 199.415, 4.59677
228.143, 207.834, 10.3256
240.405, 199.415, 4.59677
228.143, 207.834, 10.3256
240.405, 199.415, 4.59677
228.143, 207.834, 10.3256
240.405, 199.415, 4.59677
206.609, 224.059, 37.2521
206.572, 224.654, 37.6302
203.514, 237.149, 48.1887
259, 259, 60.6894
34
222.149, 209.305, 6.17209
236.957, 202.455, 10.3256
222.149, 209.305, 6.17209
236.957, 202.455, 10.3256
222.149, 209.305, 6.17209
236.957, 202.455, 10.3256
222.149, 209.305, 6.17209
236.957, 202.455, 10.3256
222.149, 209.305, 6.17209
236.957, 202.455, 10.3256
222.149, 209.305, 6.17209
236.957, 202.455, 10.3256
222.149, 209.305, 6.17209
236.957, 202.455, 10.3256
222.149, 209.305, 6.17209
236.957, 202.455, 10.3256
222.149, 209.305, 6.17209
236.957, 202.455, 10.3256
222.149, 209.305, 6.17209
236.957, 202.455, 10.3256
222.149, 209.305, 6.17209
236.957, 202.455, 10.3256
222.149, 209.305, 6.17209
236.957, 202.455, 10.3256
222.149, 209.305, 6.17209
236.957, 202.455, 10.3256
222.149, 209.305, 6.17209
236.957, 202.455, 10.3256
222.149, 209.305, 6.17209
236.957, 202.455, 10.3256
206.609, 224.059, 26.9623
206.572, 224.654, 27.3536
203.514, 237.149, 38.2885
259, 259, 59.7507
37
146.805, 192.066, 77.2912
216.235, 207.946, 6.06845
228.143, 207.834, 6.17209
216.235, 207.946, 6.06845
228.143, 207.834, 6.17209
216.235, 207.946, 6.06845
228.143, 207.834, 6.17209
216.235, 207.946, 6.06845
228.143, 207.834, 6.17209
216.235, 207.946, 6.06845
228.143, 207.834, 6.17209
216.235, 207.946, 6.06845
228.143, 207.834, 6.17209
216.235, 207.946, 6.06845
228.143, 207.834, 6.17209
216.235, 207.946, 6.06845
228.143, 207.834, 6.17209
216.235, 207.946, 6.06845
228.143, 207.834, 6.17209
216.235, 207.946, 6.06845
228.143, 207.834, 6.17209
216.235, 207.946, 6.06845
228.143, 207.834, 6.17209
216.235, 207.946, 6.06845
228.143, 207.834, 6.17209
216.235, 207.946, 6.06845
228.143, 207.834, 6.17209
216.235, 207.946, 6.06845
228.143, 207.834, 6.17209
216.235, 207.946, 6.06845
228.143, 207.834, 6.17209
180.108, 206.053, 42.1667
197.924, 208.964, 24.2278
206.609, 224.059, 21.4279
206.572, 224.654, 21.8681
203.514, 237.149, 33.5047
259, 259, 61.8675
38
154.117, 178.453, 68.764
146.805, 192.066, 71.2227
209.825, 204.846, 7.12003
222.149, 209.305, 6.06845
209.825, 204.846, 7.12003
222.149, 209.305, 6.06845
209.825, 204.846, 7.12003
222.149, 209.305, 6.06845
209.825, 204.846, 7.12003
222.149, 209.305, 6.06845
209.825, 204.846, 7.12003
222.149, 209.305, 6.06845
209.825, 204.846, 7.12003
222.149, 209.305, 6.06845
209.825, 204.846, 7.12003
222.149, 209.305, 6.06845
209.825, 204.846, 7.12003
222.149, 209.305, 6.06845
209.825, 204.846, 7.12003
222.149, 209.305, 6.06845
209.825, 204.846, 7.12003
222.149, 209.305, 6.06845
209.825, 204.846, 7.12003
222.149, 209.305, 6.06845
209.825, 204.846, 7.12003
222.149, 209.305, 6.06845
209.825, 204.846, 7.12003
222.149, 209.305, 6.06845
209.825, 204.846, 7.12003
222.149, 209.305, 6.06845
209.825, 204.846, 7.12003
222.149, 209.305, 6.06845
180.108, 206.053, 36.1764
197.924, 208.964, 18.3394
206.609, 224.059, 18.7691
206.572, 224.654, 19.3006
203.514, 237.149, 31.8536
259, 259, 66.5988
39
154.289, 167.46, 66.9479
154.488, 172.519, 64.0875
154.117, 178.453, 61.6442
146.805, 192.066, 64.3028
205.14, 199.935, 6.78739
216.235, 207.946, 7.12003
205.14, 199.935, 6.78739
216.235, 207.946, 7.12003
205.14, 199.935, 6.78739
216.235, 207.946, 7.12003
205.14, 199.935, 6.78739
216.235, 207.946, 7.12003
205.14, 199.935, 6.78739
216.235, 207.946, 7.12003
205.14, 199.935, 6.78739
216.235, 207.946, 7.12003
205.14, 199.935, 6.78739
216.235, 207.946, 7.12003
205.14, 199.935, 6.78739
216.235, 207.946, 7.12003
205.14, 199.935, 6.78739
216.235, 207.946, 7.12003
205.14, 199.935, 6.78739
216.235, 207.946, 7.12003
205.14, 199.935, 6.78739
216.235, 207.946, 7.12003
205.14, 199.935, 6.78739
216.235, 207.946, 7.12003
205.14, 199.935, 6.78739
216.235, 207.946, 7.12003
205.14, 199.935, 6.78739
216.235, 207.946, 7.12003
205.14, 199.935, 6.78739
216.235, 207.946, 7.12003
180.108, 206.053, 29.7416
197.924, 208.964, 12.5937
206.609, 224.059, 19.4801
206.572, 224.654, 20.0729
259, 259, 73.1495
42
137.523, 114.241, 109.158
150.028, 130.352, 88.7646
152.829, 136.187, 82.4637
154.289, 167.46, 60.3365
154.488, 172.519, 57.5954
154.117, 178.453, 55.3609
146.805, 192.066, 58.8632
110.433, 215.824, 96.0305
199.18, 192.15, 9.80444
209.825, 204.846, 6.78739
199.18, 192.15, 9.80444
209.825, 204.846, 6.78739
199.18, 192.15, 9.80444
209.825, 204.846, 6.78739
199.18, 192.15, 9.80444
209.825, 204.846, 6.78739
199.18, 192.15, 9.80444
209.825, 204.846, 6.78739
199.18, 192.15, 9.80444
209.825, 204.846, 6.78739
199.18, 192.15, 9.80444
209.825, 204.846, 6.78739
199.18, 192.15, 9.80444
209.825, 204.846, 6.78739
199.18, 192.15, 9.80444
209.825, 204.846, 6.78739
199.18, 192.15, 9.80444
209.825, 204.846, 6.78739
199.18, 192.15, 9.80444
209.825, 204.846, 6.78739
199.18, 192.15, 9.80444
209.825, 204.846, 6.78739
199.18, 192.15, 9.80444
209.825, 204.846, 6.78739
199.18, 192.15, 9.80444
209.825, 204.846, 6.78739
199.18, 192.15, 9.80444
209.825, 204.846, 6.78739
180.108, 206.053, 25.7686
197.924, 208.964, 11.5585
206.609, 224.059, 24.1686
259, 259, 79.935
44
137.523, 114.241, 99.3545
150.028, 130.352, 78.9616
152.829, 136.187, 72.6656
154.289, 167.46, 51.2332
154.488, 172.519, 48.8133
154.117, 178.453, 47.0988
146.805, 192.066, 52.375
110.433, 215.824, 91.8503
198.239, 190.159, 2.20212
205.14, 199.935, 9.80444
198.239, 190.159, 2.20212
205.14, 199.935, 9.80444
198.239, 190.159, 2.20212
205.14, 199.935, 9.80444
198.239, 190.159, 2.20212
205.14, 199.935, 9.80444
198.239, 190.159, 2.20212
205.14, 199.935, 9.80444
198.239, 190.159, 2.20212
205.14, 199.935, 9.80444
198.239, 190.159, 2.20212
205.14, 199.935, 9.80444
198.239, 190.159, 2.20212
205.14, 199.935, 9.80444
198.239, 190.159, 2.20212
205.14, 199.935, 9.80444
198.239, 190.159, 2.20212
205.14, 199.935, 9.80444
198.239, 190.159, 2.20212
205.14, 199.935, 9.80444
198.239, 190.159, 2.20212
205.14, 199.935, 9.80444
198.239, 190.159, 2.20212
205.14, 199.935, 9.80444
198.239, 190.159, 2.20212
205.14, 199.935, 9.80444
198.239, 190.159, 2.20212
205.14, 199.935, 9.80444
168.878, 148.377, 53.2382
164.909, 144.096, 59.0228
154.483, 132.077, 74.8773
180.108, 206.053, 23.6015
197.924, 208.964, 16.8611
206.609, 224.059, 32.7624
44
137.523, 114.241, 97.2106
150.028, 130.352, 76.8193
152.829, 136.187, 70.5342
154.289, 167.46, 49.466
154.488, 172.519, 47.1731
154.117, 178.453, 45.6486
146.805, 192.066, 51.4692
110.433, 215.824, 91.4799
196.617, 185.307, 5.11592
199.18, 192.15, 2.20212
196.617, 185.307, 5.11592
199.18, 192.15, 2.20212
196.617, 185.307, 5.11592
199.18, 192.15, 2.20212
196.617, 185.307, 5.11592
199.18, 192.15, 2.20212
196.617, 185.307, 5.11592
199.18, 192.15, 2.20212
196.617, 185.307, 5.11592
199.18, 192.15, 2.20212
196.617, 185.307, 5.11592
199.18, 192.15, 2.20212
196.617, 185.307, 5.11592
199.18, 192.15, 2.20212
196.617, 185.307, 5.11592
199.18, 192.15, 2.20212
196.617, 185.307, 5.11592
199.18, 192.15, 2.20212
196.617, 185.307, 5.11592
199.18, 192.15, 2.20212
196.617, 185.307, 5.11592
199.18, 192.15, 2.20212
196.617, 185.307, 5.11592
199.18, 192.15, 2.20212
196.617, 185.307, 5.11592
199.18, 192.15, 2.20212
196.617, 185.307, 5.11592
199.18, 192.15, 2.20212
168.878, 148.377, 51.0669
164.909, 144.096, 56.8568
154.483, 132.077, 72.7196
180.108, 206.053, 24.111
197.924, 208.964, 18.8078
206.609, 224.059, 34.9179
46
137.523, 114.241, 92.4254
150.028, 130.352, 72.0461
152.829, 136.187, 65.8044
154.289, 167.46, 45.9375
154.488, 172.519, 44.0275
154.117, 178.453, 43.0497
146.805, 192.066, 50.2689
110.433, 215.824, 91.4279
117.768, 89.8152, 123.838
196.496, 178.23, 7.07825
198.239, 190.159, 5.11592
196.496, 178.23, 7.07825
198.239, 190.159, 5.11592
196.496, 178.23, 7.07825
198.239, 190.159, 5.11592
196.496, 178.23, 7.07825
198.239, 190.159, 5.11592
196.496, 178.23, 7.07825
198.239, 190.159, 5.11592
196.496, 178.23, 7.07825
198.239, 190.159, 5.11592
196.496, 178.23, 7.07825
198.239, 190.159, 5.11592
196.496, 178.23, 7.07825
198.239, 190.159, 5.11592
196.496, 178.23, 7.07825
198.239, 190.159, 5.11592
196.496, 178.23, 7.07825
198.239, 190.159, 5.11592
196.496, 178.23, 7.07825
198.239, 190.159, 5.11592
196.496, 178.23, 7.07825
198.239, 190.159, 5.11592
196.496, 178.23, 7.07825
198.239, 190.159, 5.11592
196.496, 178.23, 7.07825
198.239, 190.159, 5.11592
196.496, 178.23, 7.07825
198.239, 190.159, 5.11592
168.878, 148.377, 46.1879
164.909, 144.096, 51.9978
154.483, 132.077, 67.8879
180.108, 206.053, 26.5133
197.924, 208.964, 23.6934
206.609, 224.059, 40.0194
174.609, 212.102, 34.6752
46
150.028, 130.352, 66.7204
152.829, 136.187, 60.6173
154.289, 167.46, 43.5602
154.488, 172.519, 42.3949
154.117, 178.453, 42.3802
146.805, 192.066, 51.5818
110.433, 215.824, 93.9163
209.965, 160.905, 21.9442
196.617, 185.307, 7.07825
209.965, 160.905, 21.9442
196.617, 185.307, 7.07825
209.965, 160.905, 21.9442
196.617, 185.307, 7.07825
209.965, 160.905, 21.9442
196.617, 185.307, 7.07825
209.965, 160.905, 21.9442
196.617, 185.307, 7.07825
209.965, 160.905, 21.9442
196.617, 185.307, 7.07825
209.965, 160.905, 21.9442
196.617, 185.307, 7.07825
209.965, 160.905, 21.9442
196.617, 185.307, 7.07825
209.965, 160.905, 21.9442
196.617, 185.307, 7.07825
209.965, 160.905, 21.9442
196.617, 185.307, 7.07825
209.965, 160.905, 21.9442
196.617, 185.307, 7.07825
209.965, 160.905, 21.9442
196.617, 185.307, 7.07825
209.965, 160.905, 21.9442
196.617, 185.307, 7.07825
209.965, 160.905, 21.9442
196.617, 185.307, 7.07825
209.965, 160.905, 21.9442
196.617, 185.307, 7.07825
221.206, 133.866, 50.7812
214.882, 141.182, 41.359
208.422, 145.548, 34.7895
197.733, 152.033, 26.226
168.878, 148.377, 40.6692
164.909, 144.096, 46.5068
180.108, 206.053, 32.2911
164.818, 226.66, 57.8708
174.609, 212.102, 40.3289

5
20
54
98.3076, 96.9076, 80.4724
109.717, 101.26, 70.5529
82.7267, 99.2443, 96.2009
228.274, 68.2351, 52.6211
229.513, 78.9099, 52.5522
225.765, 76.2252, 48.9354
224.355, 74.9439, 47.6465
224.67, 71.8568, 48.3793
225.47, 70.2649, 49.455
226.433, 69.5299, 50.546
128.911, 60.6618, 51.7814
134.814, 65.8332, 44.4535
137.911, 73.2696, 39.6254
136.519, 80.9301, 40.4633
132.269, 87.0703, 45.2667
125.795, 88.7622, 51.9307
191.285, 81.7333, 14.426
176.128, 80.2332, 0.892554
191.285, 81.7333, 14.426
176.128, 80.2332, 0.892554
191.285, 81.7333, 14.426
176.128, 80.2332, 0.892554
191.285, 81.7333, 14.426
176.128, 80.2332, 0.892554
191.285, 81.7333, 14.426
176.128, 80.2332, 0.892554
191.285, 81.7333, 14.426
176.128, 80.2332, 0.892554
191.285, 81.7333, 14.426
176.128, 80.2332, 0.892554
191.285, 81.7333, 14.426
176.128, 80.2332, 0.892554
191.285, 81.7333, 14.426
176.128, 80.2332, 0.892554
191.285, 81.7333, 14.426
176.128, 80.2332, 0.892554
191.285, 81.7333, 14.426
176.128, 80.2332, 0.892554
191.285, 81.7333, 14.426
176.128, 80.2332, 0.892554
191.285, 81.7333, 14.426
176.128, 80.2332, 0.892554
191.285, 81.7333, 14.426
176.128, 80.2332, 0.892554
191.285, 81.7333, 14.426
176.128, 80.2332, 0.892554
191.285, 81.7333, 14.426
176.128, 80.2332, 0.892554
191.285, 81.7333, 14.426
176.128, 80.2332, 0.892554
191.285, 81.7333, 14.426
176.128, 80.2332, 0.892554
191.285, 81.7333, 14.426
176.128, 80.2332, 0.892554
48
228.274, 68.2351, 39.375
229.513, 78.9099, 38.3323
225.765, 76.2252, 34.9174
224.355, 74.9439, 33.7597
224.67, 71.8568, 34.8157
225.47, 70.2649, 36.058
226.433, 69.5299, 37.2068
128.911, 60.6618, 65.8366
134.814, 65.8332, 58.6659
137.911, 73.2696, 54.041
197.299, 82.828, 6.11344
176.971, 79.9389, 14.426
197.299, 82.828, 6.11344
176.971, 79.9389, 14.426
197.299, 82.828, 6.11344
176.971, 79.9389, 14.426
197.299, 82.828, 6.11344
176.971, 79.9389, 14.426
197.299, 82.828, 6.11344
176.971, 79.9389, 14.426
197.299, 82.828, 6.11344
176.971, 79.9389, 14.426
197.299, 82.828, 6.11344
176.971, 79.9389, 14.426
197.299, 82.828, 6.11344
176.971, 79.9389, 14.426
197.299, 82.828, 6.11344
176.971, 79.9389, 14.426
197.299, 82.828, 6.11344
176.971, 79.9389, 14.426
197.299, 82.828, 6.11344
176.971, 79.9389, 14.426
197.299, 82.828, 6.11344
176.971, 79.9389, 14.426
197.299, 82.828, 6.11344
176.971, 79.9389, 14.426
197.299, 82.828, 6.11344
176.971, 79.9389, 14.426
197.299, 82.828, 6.11344
176.971, 79.9389, 14.426
197.299, 82.828, 6.11344
176.971, 79.9389, 14.426
197.299, 82.828, 6.11344
176.971, 79.9389, 14.426
197.299, 82.828, 6.11344
176.971, 79.9389, 14.426
197.299, 82.828, 6.11344
176.971, 79.9389, 14.426
47
228.274, 68.2351, 34.2399
229.513, 78.9099, 32.4509
225.765, 76.2252, 29.2214
224.355, 74.9439, 28.1806
224.67, 71.8568, 29.4878
225.47, 70.2649, 30.8454
226.433, 69.5299, 32.0255
128.911, 60.6618, 71.8907
134.814, 65.8332, 64.7547
215.584, 90.5929, 19.865
191.285, 81.7333, 6.11344
215.584, 90.5929, 19.865
191.285, 81.7333, 6.11344
215.584, 90.5929, 19.865
191.285, 81.7333, 6.11344
215.584, 90.5929, 19.865
191.285, 81.7333, 6.11344
215.584, 90.5929, 19.865
191.285, 81.7333, 6.11344
215.584, 90.5929, 19.865
191.285, 81.7333, 6.11344
215.584, 90.5929, 19.865
191.285, 81.7333, 6.11344
215.584, 90.5929, 19.865
191.285, 81.7333, 6.11344
215.584, 90.5929, 19.865
191.285, 81.7333, 6.11344
215.584, 90.5929, 19.865
191.285, 81.7333, 6.11344
215.584, 90.5929, 19.865
191.285, 81.7333, 6.11344
215.584, 90.5929, 19.865
191.285, 81.7333, 6.11344
215.584, 90.5929, 19.865
191.285, 81.7333, 6.11344
215.584, 90.5929, 19.865
191.285, 81.7333, 6.11344
215.584, 90.5929, 19.865
191.285, 81.7333, 6.11344
215.584, 90.5929, 19.865
191.285, 81.7333, 6.11344
215.584, 90.5929, 19.865
191.285, 81.7333, 6.11344
215.584, 90.5929, 19.865
191.285, 81.7333, 6.11344
215.584, 90.5929, 19.865
191.285, 81.7333, 6.11344
44
233.782, 76.8288, 22.8175
233.341, 77.1122, 22.2943
229.513, 78.9099, 18.18
225.765, 76.2252, 17.6092
224.355, 74.9439, 17.9393
224.67, 71.8568, 20.8231
225.242, 102.989, 15.7141
197.299, 82.828, 19.865
225.242, 102.989, 15.7141
197.299, 82.828, 19.865
225.242, 102.989, 15.7141
197.299, 82.828, 19.865
225.242, 102.989, 15.7141
197.299, 82.828, 19.865
225.242, 102.989, 15.7141
197.299, 82.828, 19.865
225.242, 102.989, 15.7141
197.299, 82.828, 19.865
225.242, 102.989, 15.7141
197.299, 82.828, 19.865
225.242, 102.989, 15.7141
197.299, 82.828, 19.865
225.242, 102.989, 15.7141
197.299, 82.828, 19.865
225.242, 102.989, 15.7141
197.299, 82.828, 19.865
225.242, 102.989, 15.7141
197.299, 82.828, 19.865
225.242, 102.989, 15.7141
197.299, 82.828, 19.865
225.242, 102.989, 15.7141
197.299, 82.828, 19.865
225.242, 102.989, 15.7141
197.299, 82.828, 19.865
225.242, 102.989, 15.7141
197.299, 82.828, 19.865
225.242, 102.989, 15.7141
197.299, 82.828, 19.865
225.242, 102.989, 15.7141
197.299, 82.828, 19.865
225.242, 102.989, 15.7141
197.299, 82.828, 19.865
225.242, 102.989, 15.7141
197.299, 82.828, 19.865
45
235.318, 74.7967, 29.9384
233.782, 76.8288, 27.5187
233.341, 77.1122, 27.1142
229.513, 78.9099, 24.4546
225.765, 76.2252, 26.7685
224.355, 74.9439, 28.0588
239.939, 169.055, 67.6815
225.858, 108.559, 5.60472
215.584, 90.5929, 15.7141
225.858, 108.559, 5.60472
215.584, 90.5929, 15.7141
225.858, 108.559, 5.60472
215.584, 90.5929, 15.7141
225.858, 108.559, 5.60472
215.584, 90.5929, 15.7141
225.858, 108.559, 5.60472
215.584, 90.5929, 15.7141
225.858, 108.559, 5.60472
215.584, 90.5929, 15.7141
225.858, 108.559, 5.60472
215.584, 90.5929, 15.7141
225.858, 108.559, 5.60472
215.584, 90.5929, 15.7141
225.858, 108.559, 5.60472
215.584, 90.5929, 15.7141
225.858, 108.559, 5.60472
215.584, 90.5929, 15.7141
225.858, 108.559, 5.60472
215.584, 90.5929, 15.7141
225.858, 108.559, 5.60472
215.584, 90.5929, 15.7141
225.858, 108.559, 5.60472
215.584, 90.5929, 15.7141
225.858, 108.559, 5.60472
215.584, 90.5929, 15.7141
225.858, 108.559, 5.60472
215.584, 90.5929, 15.7141
225.858, 108.559, 5.60472
215.584, 90.5929, 15.7141
225.858, 108.559, 5.60472
215.584, 90.5929, 15.7141
225.858, 108.559, 5.60472
215.584, 90.5929, 15.7141
225.858, 108.559, 5.60472
215.584, 90.5929, 15.7141
46
235.318, 74.7967, 35.0627
233.782, 76.8288, 32.705
233.341, 77.1122, 32.325
229.513, 78.9099, 29.8738
225.765, 76.2252, 32.3343
224.355, 74.9439, 33.6491
231.255, 163.216, 54.9221
239.939, 169.055, 62.1128
226.428, 115.77, 7.2328
225.242, 102.989, 5.60472
226.428, 115.77, 7.2328
225.242, 102.989, 5.60472
226.428, 115.77, 7.2328
225.242, 102.989, 5.60472
226.428, 115.77, 7.2328
225.242, 102.989, 5.60472
226.428, 115.77, 7.2328
225.242, 102.989, 5.60472
226.428, 115.77, 7.2328
225.242, 102.989, 5.60472
226.428, 115.77, 7.2328
225.242, 102.989, 5.60472
226.428, 115.77, 7.2328
225.242, 102.989, 5.60472
226.428, 115.77, 7.2328
225.242, 102.989, 5.60472
226.428, 115.77, 7.2328
225.242, 102.989, 5.60472
226.428, 115.77, 7.2328
225.242, 102.989, 5.60472
226.428, 115.77, 7.2328
225.242, 102.989, 5.60472
226.428, 115.77, 7.2328
225.242, 102.989, 5.60472
226.428, 115.77, 7.2328
225.242, 102.989, 5.60472
226.428, 115.77, 7.2328
225.242, 102.989, 5.60472
226.428, 115.77, 7.2328
225.242, 102.989, 5.60472
226.428, 115.77, 7.2328
225.242, 102.989, 5.60472
226.428, 115.77, 7.2328
225.242, 102.989, 5.60472
226.428, 115.77, 7.2328
225.242, 102.989, 5.60472
47
235.318, 74.7967, 41.9262
233.782, 76.8288, 39.6292
233.341, 77.1122, 39.2706
229.513, 78.9099, 36.9886
225.765, 76.2252, 39.55
224.355, 74.9439, 40.8784
219.828, 161.181, 45.8884
231.255, 163.216, 47.6909
239.939, 169.055, 54.9716
221.206, 133.866, 18.8345
225.858, 108.559, 7.2328
221.206, 133.866, 18.8345
225.858, 108.559, 7.2328
221.206, 133.866, 18.8345
225.858, 108.559, 7.2328
221.206, 133.866, 18.8345
225.858, 108.559, 7.2328
221.206, 133.866, 18.8345
225.858, 108.559, 7.2328
221.206, 133.866, 18.8345
225.858, 108.559, 7.2328
221.206, 133.866, 18.8345
225.858, 108.559, 7.2328
221.206, 133.866, 18.8345
225.858, 108.559, 7.2328
221.206, 133.866, 18.8345
225.858, 108.559, 7.2328
221.206, 133.866, 18.8345
225.858, 108.559, 7.2328
221.206, 133.866, 18.8345
225.858, 108.559, 7.2328
221.206, 133.866, 18.8345
225.858, 108.559, 7.2328
221.206, 133.866, 18.8345
225.858, 108.559, 7.2328
221.206, 133.866, 18.8345
225.858, 108.559, 7.2328
221.206, 133.866, 18.8345
225.858, 108.559, 7.2328
221.206, 133.866, 18.8345
225.858, 108.559, 7.2328
221.206, 133.866, 18.8345
225.858, 108.559, 7.2328
221.206, 133.866, 18.8345
225.858, 108.559, 7.2328
221.206, 133.866, 18.8345
225.858, 108.559, 7.2328
46
209.965, 160.905, 29.2829
219.828, 161.181, 27.35
231.255, 163.216, 31.0226
239.939, 169.055, 39.8649
196.496, 178.23, 50.7812
214.882, 141.182, 9.67067
226.428, 115.77, 18.8345
214.882, 141.182, 9.67067
226.428, 115.77, 18.8345
214.882, 141.182, 9.67067
226.428, 115.77, 18.8345
214.882, 141.182, 9.67067
226.428, 115.77, 18.8345
214.882, 141.182, 9.67067
226.428, 115.77, 18.8345
214.882, 141.182, 9.67067
226.428, 115.77, 18.8345
214.882, 141.182, 9.67067
226.428, 115.77, 18.8345
214.882, 141.182, 9.67067
226.428, 115.77, 18.8345
214.882, 141.182, 9.67067
226.428, 115.77, 18.8345
214.882, 141.182, 9.67067
226.428, 115.77, 18.8345
214.882, 141.182, 9.67067
226.428, 115.77, 18.8345
214.882, 141.182, 9.67067
226.428, 115.77, 18.8345
214.882, 141.182, 9.67067
226.428, 115.77, 18.8345
214.882, 141.182, 9.67067
226.428, 115.77, 18.8345
214.882, 141.182, 9.67067
226.428, 115.77, 18.8345
214.882, 141.182, 9.67067
226.428, 115.77, 18.8345
214.882, 141.182, 9.67067
226.428, 115.77, 18.8345
214.882, 141.182, 9.67067
226.428, 115.77, 18.8345
214.882, 141.182, 9.67067
226.428, 115.77, 18.8345
180.108, 206.053, 83.0666
164.818, 226.66, 108.584
174.609, 212.102, 91.0619
47
146.805, 192.066, 84.9921
209.965, 160.905, 20.3269
219.828, 161.181, 20.6018
231.255, 163.216, 27.4514
239.939, 169.055, 37.4804
196.496, 178.23, 41.359
208.422, 145.548, 7.79713
221.206, 133.866, 9.67067
208.422, 145.548, 7.79713
221.206, 133.866, 9.67067
208.422, 145.548, 7.79713
221.206, 133.866, 9.67067
208.422, 145.548, 7.79713
221.206, 133.866, 9.67067
208.422, 145.548, 7.79713
221.206, 133.866, 9.67067
208.422, 145.548, 7.79713
221.206, 133.866, 9.67067
208.422, 145.548, 7.79713
221.206, 133.866, 9.67067
208.422, 145.548, 7.79713
221.206, 133.866, 9.67067
208.422, 145.548, 7.79713
221.206, 133.866, 9.67067
208.422, 145.548, 7.79713
221.206, 133.866, 9.67067
208.422, 145.548, 7.79713
221.206, 133.866, 9.67067
208.422, 145.548, 7.79713
221.206, 133.866, 9.67067
208.422, 145.548, 7.79713
221.206, 133.866, 9.67067
208.422, 145.548, 7.79713
221.206, 133.866, 9.67067
208.422, 145.548, 7.79713
221.206, 133.866, 9.67067
208.422, 145.548, 7.79713
221.206, 133.866, 9.67067
208.422, 145.548, 7.79713
221.206, 133.866, 9.67067
208.422, 145.548, 7.79713
221.206, 133.866, 9.67067
208.422, 145.548, 7.79713
221.206, 133.866, 9.67067
180.108, 206.053, 73.6036
164.818, 226.66, 99.0603
174.609, 212.102, 81.5575
47
146.805, 192.066, 77.2047
209.965, 160.905, 15.4345
219.828, 161.181, 19.3519
231.255, 163.216, 28.8706
239.939, 169.055, 39.3182
196.496, 178.23, 34.7895
197.733, 152.033, 12.5026
214.882, 141.182, 7.79713
197.733, 152.033, 12.5026
214.882, 141.182, 7.79713
197.733, 152.033, 12.5026
214.882, 141.182, 7.79713
197.733, 152.033, 12.5026
214.882, 141.182, 7.79713
197.733, 152.033, 12.5026
214.882, 141.182, 7.79713
197.733, 152.033, 12.5026
214.882, 141.182, 7.79713
197.733, 152.033, 12.5026
214.882, 141.182, 7.79713
197.733, 152.033, 12.5026
214.882, 141.182, 7.79713
197.733, 152.033, 12.5026
214.882, 141.182, 7.79713
197.733, 152.033, 12.5026
214.882, 141.182, 7.79713
197.733, 152.033, 12.5026
214.882, 141.182, 7.79713
197.733, 152.033, 12.5026
214.882, 141.182, 7.79713
197.733, 152.033, 12.5026
214.882, 141.182, 7.79713
197.733, 152.033, 12.5026
214.882, 141.182, 7.79713
197.733, 152.033, 12.5026
214.882, 141.182, 7.79713
197.733, 152.033, 12.5026
214.882, 141.182, 7.79713
197.733, 152.033, 12.5026
214.882, 141.182, 7.79713
197.733, 152.033, 12.5026
214.882, 141.182, 7.79713
197.733, 152.033, 12.5026
214.882, 141.182, 7.79713
180.108, 206.053, 66.8021
164.818, 226.66, 92.0895
174.609, 212.102, 74.6511
49
154.289, 167.46, 46.1018
154.488, 172.519, 47.8518
154.117, 178.453, 50.9935
146.805, 192.066, 64.7786
209.965, 160.905, 15.1114
219.828, 161.181, 23.9145
231.255, 163.216, 35.3387
196.496, 178.23, 26.226
168.878, 148.377, 29.0855
208.422, 145.548, 12.5026
168.878, 148.377, 29.0855
208.422, 145.548, 12.5026
168.878, 148.377, 29.0855
208.422, 145.548, 12.5026
168.878, 148.377, 29.0855
208.422, 145.548, 12.5026
168.878, 148.377, 29.0855
208.422, 145.548, 12.5026
168.878, 148.377, 29.0855
208.422, 145.548, 12.5026
168.878, 148.377, 29.0855
208.422, 145.548, 12.5026
168.878, 148.377, 29.0855
208.422, 145.548, 12.5026
168.878, 148.377, 29.0855
208.422, 145.548, 12.5026
168.878, 148.377, 29.0855
208.422, 145.548, 12.5026
168.878, 148.377, 29.0855
208.422, 145.548, 12.5026
168.878, 148.377, 29.0855
208.422, 145.548, 12.5026
168.878, 148.377, 29.0855
208.422, 145.548, 12.5026
168.878, 148.377, 29.0855
208.422, 145.548, 12.5026
168.878, 148.377, 29.0855
208.422, 145.548, 12.5026
168.878, 148.377, 29.0855
208.422, 145.548, 12.5026
168.878, 148.377, 29.0855
208.422, 145.548, 12.5026
168.878, 148.377, 29.0855
208.422, 145.548, 12.5026
168.878, 148.377, 29.0855
208.422, 145.548, 12.5026
180.108, 206.053, 56.8225
164.818, 226.66, 81.5634
174.609, 212.102, 64.3664
55
150.028, 130.352, 26.081
152.829, 136.187, 20.1534
154.289, 167.46, 24.0209
154.488, 172.519, 28.1057
154.117, 178.453, 33.5028
209.965, 160.905, 42.955
219.828, 161.181, 52.5347
231.255, 163.216, 64.1182
199.18, 192.15, 53.2382
198.239, 190.159, 51.0669
196.617, 185.307, 46.1879
196.496, 178.23, 40.6692
164.909, 144.096, 5.83763
197.733, 152.033, 29.0855
164.909, 144.096, 5.83763
197.733, 152.033, 29.0855
164.909, 144.096, 5.83763
197.733, 152.033, 29.0855
164.909, 144.096, 5.83763
197.733, 152.033, 29.0855
164.909, 144.096, 5.83763
197.733, 152.033, 29.0855
164.909, 144.096, 5.83763
197.733, 152.033, 29.0855
164.909, 144.096, 5.83763
197.733, 152.033, 29.0855
164.909, 144.096, 5.83763
197.733, 152.033, 29.0855
164.909, 144.096, 5.83763
197.733, 152.033, 29.0855
164.909, 144.096, 5.83763
197.733, 152.033, 29.0855
164.909, 144.096, 5.83763
197.733, 152.033, 29.0855
164.909, 144.096, 5.83763
197.733, 152.033, 29.0855
164.909, 144.096, 5.83763
197.733, 152.033, 29.0855
164.909, 144.096, 5.83763
197.733, 152.033, 29.0855
164.909, 144.096, 5.83763
197.733, 152.033, 29.0855
164.909, 144.096, 5.83763
197.733, 152.033, 29.0855
164.909, 144.096, 5.83763
197.733, 152.033, 29.0855
164.909, 144.096, 5.83763
197.733, 152.033, 29.0855
164.909, 144.096, 5.83763
197.733, 152.033, 29.0855
180.108, 206.053, 58.7592
197.924, 208.964, 67.19
206.609, 224.059, 84.5662
164.818, 226.66, 78.3884
174.609, 212.102, 63.9825
54
137.523, 114.241, 40.5127
150.028, 130.352, 20.257
152.829, 136.187, 14.4388
154.289, 167.46, 25.6643
154.488, 172.519, 30.2735
154.117, 178.453, 36.0117
117.768, 89.8152, 71.8933
199.18, 192.15, 59.0228
198.239, 190.159, 56.8568
196.617, 185.307, 51.9978
196.496, 178.23, 46.5068
154.483, 132.077, 15.9111
168.878, 148.377, 5.83763
154.483, 132.077, 15.9111
168.878, 148.377, 5.83763
154.483, 132.077, 15.9111
168.878, 148.377, 5.83763
154.483, 132.077, 15.9111
168.878, 148.377, 5.83763
154.483, 132.077, 15.9111
168.878, 148.377, 5.83763
154.483, 132.077, 15.9111
168.878, 148.377, 5.83763
154.483, 132.077, 15.9111
168.878, 148.377, 5.83763
154.483, 132.077, 15.9111
168.878, 148.377, 5.83763
154.483, 132.077, 15.9111
168.878, 148.377, 5.83763
154.483, 132.077, 15.9111
168.878, 148.377, 5.83763
154.483, 132.077, 15.9111
168.878, 148.377, 5.83763
154.483, 132.077, 15.9111
168.878, 148.377, 5.83763
154.483, 132.077, 15.9111
168.878, 148.377, 5.83763
154.483, 132.077, 15.9111
168.878, 148.377, 5.83763
154.483, 132.077, 15.9111
168.878, 148.377, 5.83763
154.483, 132.077, 15.9111
168.878, 148.377, 5.83763
154.483, 132.077, 15.9111
168.878, 148.377, 5.83763
154.483, 132.077, 15.9111
168.878, 148.377, 5.83763
154.483, 132.077, 15.9111
168.878, 148.377, 5.83763
180.108, 206.053, 63.794
197.924, 208.964, 72.7865
206.609, 224.059, 90.1831
164.818, 226.66, 82.5641
174.609, 212.102, 68.6944
56
137.523, 114.241, 24.6117
150.028, 130.352, 4.77712
152.829, 136.187, 4.42996
154.289, 167.46, 35.3834
154.488, 172.519, 40.4424
137.911, 73.2696, 61.0976
136.519, 80.9301, 54.2095
132.269, 87.0703, 50.1899
125.795, 88.7622, 51.9533
117.768, 89.8152, 55.9822
199.18, 192.15, 74.8773
198.239, 190.159, 72.7196
196.617, 185.307, 67.8879
150.523, 116.673, 15.9046
164.909, 144.096, 15.9111
150.523, 116.673, 15.9046
164.909, 144.096, 15.9111
150.523, 116.673, 15.9046
164.909, 144.096, 15.9111
150.523, 116.673, 15.9046
164.909, 144.096, 15.9111
150.523, 116.673, 15.9046
164.909, 144.096, 15.9111
150.523, 116.673, 15.9046
164.909, 144.096, 15.9111
150.523, 116.673, 15.9046
164.909, 144.096, 15.9111
150.523, 116.673, 15.9046
164.909, 144.096, 15.9111
150.523, 116.673, 15.9046
164.909, 144.096, 15.9111
150.523, 116.673, 15.9046
164.909, 144.096, 15.9111
150.523, 116.673, 15.9046
164.909, 144.096, 15.9111
150.523, 116.673, 15.9046
164.909, 144.096, 15.9111
150.523, 116.673, 15.9046
164.909, 144.096, 15.9111
150.523, 116.673, 15.9046
164.909, 144.096, 15.9111
150.523, 116.673, 15.9046
164.909, 144.096, 15.9111
150.523, 116.673, 15.9046
164.909, 144.096, 15.9111
150.523, 116.673, 15.9046
164.909, 144.096, 15.9111
150.523, 116.673, 15.9046
164.909, 144.096, 15.9111
150.523, 116.673, 15.9046
164.909, 144.096, 15.9111
180.108, 206.053, 78.2886
197.924, 208.964, 88.3107
206.609, 224.059, 105.725
164.818, 226.66, 95.1462
174.609, 212.102, 82.5172
51
98.3076, 96.9076, 55.8313
109.717, 101.26, 43.6202
122.605, 106.612, 29.6761
137.523, 114.241, 13.2257
150.028, 130.352, 13.6876
152.829, 136.187, 19.6494
137.911, 73.2696, 45.1987
136.519, 80.9301, 38.3883
132.269, 87.0703, 34.7782
125.795, 88.7622, 37.2893
117.768, 89.8152, 42.3584
152.035, 107.094, 9.69767
154.483, 132.077, 15.9046
152.035, 107.094, 9.69767
154.483, 132.077, 15.9046
152.035, 107.094, 9.69767
154.483, 132.077, 15.9046
152.035, 107.094, 9.69767
154.483, 132.077, 15.9046
152.035, 107.094, 9.69767
154.483, 132.077, 15.9046
152.035, 107.094, 9.69767
154.483, 132.077, 15.9046
152.035, 107.094, 9.69767
154.483, 132.077, 15.9046
152.035, 107.094, 9.69767
154.483, 132.077, 15.9046
152.035, 107.094, 9.69767
154.483, 132.077, 15.9046
152.035, 107.094, 9.69767
154.483, 132.077, 15.9046
152.035, 107.094, 9.69767
154.483, 132.077, 15.9046
152.035, 107.094, 9.69767
154.483, 132.077, 15.9046
152.035, 107.094, 9.69767
154.483, 132.077, 15.9046
152.035, 107.094, 9.69767
154.483, 132.077, 15.9046
152.035, 107.094, 9.69767
154.483, 132.077, 15.9046
152.035, 107.094, 9.69767
154.483, 132.077, 15.9046
152.035, 107.094, 9.69767
154.483, 132.077, 15.9046
152.035, 107.094, 9.69767
154.483, 132.077, 15.9046
152.035, 107.094, 9.69767
154.483, 132.077, 15.9046
164.818, 226.66, 110.912
174.609, 212.102, 98.4216
48
98.3076, 96.9076, 54.6848
109.717, 101.26, 42.719
122.605, 106.612, 29.4347
137.523, 114.241, 16.177
134.814, 65.8332, 44.7102
137.911, 73.2696, 36.6551
136.519, 80.9301, 30.4186
132.269, 87.0703, 28.1362
125.795, 88.7622, 32.0095
117.768, 89.8152, 38.3771
153.494, 101.071, 6.19679
150.523, 116.673, 9.69767
153.494, 101.071, 6.19679
150.523, 116.673, 9.69767
153.494, 101.071, 6.19679
150.523, 116.673, 9.69767
153.494, 101.071, 6.19679
150.523, 116.673, 9.69767
153.494, 101.071, 6.19679
150.523, 116.673, 9.69767
153.494, 101.071, 6.19679
150.523, 116.673, 9.69767
153.494, 101.071, 6.19679
150.523, 116.673, 9.69767
153.494, 101.071, 6.19679
150.523, 116.673, 9.69767
153.494, 101.071, 6.19679
150.523, 116.673, 9.69767
153.494, 101.071, 6.19679
150.523, 116.673, 9.69767
153.494, 101.071, 6.19679
150.523, 116.673, 9.69767
153.494, 101.071, 6.19679
150.523, 116.673, 9.69767
153.494, 101.071, 6.19679
150.523, 116.673, 9.69767
153.494, 101.071, 6.19679
150.523, 116.673, 9.69767
153.494, 101.071, 6.19679
150.523, 116.673, 9.69767
153.494, 101.071, 6.19679
150.523, 116.673, 9.69767
153.494, 101.071, 6.19679
150.523, 116.673, 9.69767
153.494, 101.071, 6.19679
150.523, 116.673, 9.69767
153.494, 101.071, 6.19679
150.523, 116.673, 9.69767
48
98.3076, 96.9076, 55.343
109.717, 101.26, 43.7776
122.605, 106.612, 31.3822
137.523, 114.241, 20.7007
134.814, 65.8332, 39.8827
137.911, 73.2696, 31.871
136.519, 80.9301, 26.3399
132.269, 87.0703, 25.4265
125.795, 88.7622, 30.3106
117.768, 89.8152, 37.4569
158.619, 93.583, 9.0743
152.035, 107.094, 6.19679
158.619, 93.583, 9.0743
152.035, 107.094, 6.19679
158.619, 93.583, 9.0743
152.035, 107.094, 6.19679
158.619, 93.583, 9.0743
152.035, 107.094, 6.19679
158.619, 93.583, 9.0743
152.035, 107.094, 6.19679
158.619, 93.583, 9.0743
152.035, 107.094, 6.19679
158.619, 93.583, 9.0743
152.035, 107.094, 6.19679
158.619, 93.583, 9.0743
152.035, 107.094, 6.19679
158.619, 93.583, 9.0743
152.035, 107.094, 6.19679
158.619, 93.583, 9.0743
152.035, 107.094, 6.19679
158.619, 93.583, 9.0743
152.035, 107.094, 6.19679
158.619, 93.583, 9.0743
152.035, 107.094, 6.19679
158.619, 93.583, 9.0743
152.035, 107.094, 6.19679
158.619, 93.583, 9.0743
152.035, 107.094, 6.19679
158.619, 93.583, 9.0743
152.035, 107.094, 6.19679
158.619, 93.583, 9.0743
152.035, 107.094, 6.19679
158.619, 93.583, 9.0743
152.035, 107.094, 6.19679
158.619, 93.583, 9.0743
152.035, 107.094, 6.19679
158.619, 93.583, 9.0743
152.035, 107.094, 6.19679
48
98.3076, 96.9076, 60.4031
109.717, 101.26, 49.5016
122.605, 106.612, 38.2989
137.523, 114.241, 29.5266
134.814, 65.8332, 36.561
137.911, 73.2696, 29.0083
136.519, 80.9301, 25.4656
132.269, 87.0703, 27.1429
125.795, 88.7622, 33.1763
117.768, 89.8152, 41.0244
164.655, 85.3108, 10.2402
153.494, 101.071, 9.0743
164.655, 85.3108, 10.2402
153.494, 101.071, 9.0743
164.655, 85.3108, 10.2402
153.494, 101.071, 9.0743
164.655, 85.3108, 10.2402
153.494, 101.071, 9.0743
164.655, 85.3108, 10.2402
153.494, 101.071, 9.0743
164.655, 85.3108, 10.2402
153.494, 101.071, 9.0743
164.655, 85.3108, 10.2402
153.494, 101.071, 9.0743
164.655, 85.3108, 10.2402
153.494, 101.071, 9.0743
164.655, 85.3108, 10.2402
153.494, 101.071, 9.0743
164.655, 85.3108, 10.2402
153.494, 101.071, 9.0743
164.655, 85.3108, 10.2402
153.494, 101.071, 9.0743
164.655, 85.3108, 10.2402
153.494, 101.071, 9.0743
164.655, 85.3108, 10.2402
153.494, 101.071, 9.0743
164.655, 85.3108, 10.2402
153.494, 101.071, 9.0743
164.655, 85.3108, 10.2402
153.494, 101.071, 9.0743
164.655, 85.3108, 10.2402
153.494, 101.071, 9.0743
164.655, 85.3108, 10.2402
153.494, 101.071, 9.0743
164.655, 85.3108, 10.2402
153.494, 101.071, 9.0743
164.655, 85.3108, 10.2402
153.494, 101.071, 9.0743
50
98.3076, 96.9076, 67.3535
109.717, 101.26, 57.207
122.605, 106.612, 47.138
137.523, 114.241, 39.6628
82.7267, 99.2443, 83.1049
128.911, 60.6618, 43.419
134.814, 65.8332, 35.6349
137.911, 73.2696, 29.3304
136.519, 80.9301, 28.4748
132.269, 87.0703, 32.4338
125.795, 88.7622, 39.0132
117.768, 89.8152, 47.103
176.128, 80.2332, 12.5462
158.619, 93.583, 10.2402
176.128, 80.2332, 12.5462
158.619, 93.583, 10.2402
176.128, 80.2332, 12.5462
158.619, 93.583, 10.2402
176.128, 80.2332, 12.5462
158.619, 93.583, 10.2402
176.128, 80.2332, 12.5462
158.619, 93.583, 10.2402
176.128, 80.2332, 12.5462
158.619, 93.583, 10.2402
176.128, 80.2332, 12.5462
158.619, 93.583, 10.2402
176.128, 80.2332, 12.5462
158.619, 93.583, 10.2402
176.128, 80.2332, 12.5462
158.619, 93.583, 10.2402
176.128, 80.2332, 12.5462
158.619, 93.583, 10.2402
176.128, 80.2332, 12.5462
158.619, 93.583, 10.2402
176.128, 80.2332, 12.5462
158.619, 93.583, 10.2402
176.128, 80.2332, 12.5462
158.619, 93.583, 10.2402
176.128, 80.2332, 12.5462
158.619, 93.583, 10.2402
176.128, 80.2332, 12.5462
158.619, 93.583, 10.2402
176.128, 80.2332, 12.5462
158.619, 93.583, 10.2402
176.128, 80.2332, 12.5462
158.619, 93.583, 10.2402
176.128, 80.2332, 12.5462
158.619, 93.583, 10.2402
176.128, 80.2332, 12.5462
158.619, 93.583, 10.2402
47
98.3076, 96.9076, 79.5867
109.717, 101.26, 69.6607
82.7267, 99.2443, 95.3164
128.911, 60.6618, 51.1122
134.814, 65.8332, 43.7511
137.911, 73.2696, 38.8467
136.519, 80.9301, 39.6147
132.269, 87.0703, 44.3885
125.795, 88.7622, 51.0505
176.971, 79.9389, 0.892554
164.655, 85.3108, 12.5462
176.971, 79.9389, 0.892554
164.655, 85.3108, 12.5462
176.971, 79.9389, 0.892554
164.655, 85.3108, 12.5462
176.971, 79.9389, 0.892554
164.655, 85.3108, 12.5462
176.971, 79.9389, 0.892554
164.655, 85.3108, 12.5462
176.971, 79.9389, 0.892554
164.655, 85.3108, 12.5462
176.971, 79.9389, 0.892554
164.655, 85.3108, 12.5462
176.971, 79.9389, 0.892554
164.655, 85.3108, 12.5462
176.971, 79.9389, 0.892554
164.655, 85.3108, 12.5462
176.971, 79.9389, 0.892554
164.655, 85.3108, 12.5462
176.971, 79.9389, 0.892554
164.655, 85.3108, 12.5462
176.971, 79.9389, 0.892554
164.655, 85.3108, 12.5462
176.971, 79.9389, 0.892554
164.655, 85.3108, 12.5462
176.971, 79.9389, 0.892554
164.655, 85.3108, 12.5462
176.971, 79.9389, 0.892554
164.655, 85.3108, 12.5462
176.971, 79.9389, 0.892554
164.655, 85.3108, 12.5462
176.971, 79.9389, 0.892554
164.655, 85.3108, 12.5462
176.971, 79.9389, 0.892554
164.655, 85.3108, 12.5462
176.971, 79.9389, 0.892554
164.655, 85.3108, 12.5462

6
10
40
152.829, 136.187, 75.0029
154.289, 167.46, 46.4335
154.488, 172.519, 42.2006
154.117, 178.453, 37.9119
146.805, 192.066, 36.121
110.433, 215.824, 70.3569
136.519, 80.9301, 132.498
222.149, 209.305, 42.1667
216.235, 207.946, 36.1764
209.825, 204.846, 29.7416
205.14, 199.935, 25.7686
199.18, 192.15, 23.6015
198.239, 190.159, 24.111
196.617, 185.307, 26.5133
196.496, 178.23, 32.2911
221.206, 133.866, 83.0666
214.882, 141.182, 73.6036
208.422, 145.548, 66.8021
197.733, 152.033, 56.8225
168.878, 148.377, 58.7592
164.909, 144.096, 63.794
154.483, 132.077, 78.2886
197.924, 208.964, 18.052
174.609, 212.102, 8.17531
197.924, 208.964, 18.052
174.609, 212.102, 8.17531
197.924, 208.964, 18.052
174.609, 212.102, 8.17531
197.924, 208.964, 18.052
174.609, 212.102, 8.17531
197.924, 208.964, 18.052
174.609, 212.102, 8.17531
197.924, 208.964, 18.052
174.609, 212.102, 8.17531
197.924, 208.964, 18.052
174.609, 212.102, 8.17531
197.924, 208.964, 18.052
174.609, 212.102, 8.17531
197.924, 208.964, 18.052
174.609, 212.102, 8.17531
36
150.028, 130.352, 92.0539
152.829, 136.187, 85.616
154.289, 167.46, 60.2216
154.488, 172.519, 56.7001
154.117, 178.453, 53.3854
146.805, 192.066, 53.8394
125.795, 88.7622, 140.182
222.149, 209.305, 24.2278
216.235, 207.946, 18.3394
209.825, 204.846, 12.5937
205.14, 199.935, 11.5585
199.18, 192.15, 16.8611
198.239, 190.159, 18.8078
196.617, 185.307, 23.6934
168.878, 148.377, 67.19
164.909, 144.096, 72.7865
154.483, 132.077, 88.3107
206.609, 224.059, 17.4152
180.108, 206.053, 18.052
206.609, 224.059, 17.4152
180.108, 206.053, 18.052
206.609, 224.059, 17.4152
180.108, 206.053, 18.052
206.609, 224.059, 17.4152
180.108, 206.053, 18.052
206.609, 224.059, 17.4152
180.108, 206.053, 18.052
206.609, 224.059, 17.4152
180.108, 206.053, 18.052
206.609, 224.059, 17.4152
180.108, 206.053, 18.052
206.609, 224.059, 17.4152
180.108, 206.053, 18.052
206.609, 224.059, 17.4152
180.108, 206.053, 18.052
259, 259, 78.9551
31
236.957, 202.455, 37.2521
228.143, 207.834, 26.9623
222.149, 209.305, 21.4279
216.235, 207.946, 18.7691
209.825, 204.846, 19.4801
205.14, 199.935, 24.1686
199.18, 192.15, 32.7624
198.239, 190.159, 34.9179
196.617, 185.307, 40.0194
168.878, 148.377, 84.5662
164.909, 144.096, 90.1831
154.483, 132.077, 105.725
206.572, 224.654, 0.595846
197.924, 208.964, 17.4152
206.572, 224.654, 0.595846
197.924, 208.964, 17.4152
206.572, 224.654, 0.595846
197.924, 208.964, 17.4152
206.572, 224.654, 0.595846
197.924, 208.964, 17.4152
206.572, 224.654, 0.595846
197.924, 208.964, 17.4152
206.572, 224.654, 0.595846
197.924, 208.964, 17.4152
206.572, 224.654, 0.595846
197.924, 208.964, 17.4152
206.572, 224.654, 0.595846
197.924, 208.964, 17.4152
206.572, 224.654, 0.595846
197.924, 208.964, 17.4152
259, 259, 62.9736
24
236.957, 202.455, 37.6302
228.143, 207.834, 27.3536
222.149, 209.305, 21.8681
216.235, 207.946, 19.3006
209.825, 204.846, 20.0729
203.514, 237.149, 12.8644
206.609, 224.059, 0.595846
203.514, 237.149, 12.8644
206.609, 224.059, 0.595846
203.514, 237.149, 12.8644
206.609, 224.059, 0.595846
203.514, 237.149, 12.8644
206.609, 224.059, 0.595846
203.514, 237.149, 12.8644
206.609, 224.059, 0.595846
203.514, 237.149, 12.8644
206.609, 224.059, 0.595846
203.514, 237.149, 12.8644
206.609, 224.059, 0.595846
203.514, 237.149, 12.8644
206.609, 224.059, 0.595846
203.514, 237.149, 12.8644
206.609, 224.059, 0.595846
259, 259, 62.6767
24
240.405, 199.415, 52.7717
236.957, 202.455, 48.1887
228.143, 207.834, 38.2885
222.149, 209.305, 33.5047
216.235, 207.946, 31.8536
196.88, 243.639, 9.28016
206.572, 224.654, 12.8644
196.88, 243.639, 9.28016
206.572, 224.654, 12.8644
196.88, 243.639, 9.28016
206.572, 224.654, 12.8644
196.88, 243.639, 9.28016
206.572, 224.654, 12.8644
196.88, 243.639, 9.28016
206.572, 224.654, 12.8644
196.88, 243.639, 9.28016
206.572, 224.654, 12.8644
196.88, 243.639, 9.28016
206.572, 224.654, 12.8644
196.88, 243.639, 9.28016
206.572, 224.654, 12.8644
196.88, 243.639, 9.28016
206.572, 224.654, 12.8644
259, 259, 59.634
19
181.988, 245.767, 15.0427
203.514, 237.149, 9.28016
181.988, 245.767, 15.0427
203.514, 237.149, 9.28016
181.988, 245.767, 15.0427
203.514, 237.149, 9.28016
181.988, 245.767, 15.0427
203.514, 237.149, 9.28016
181.988, 245.767, 15.0427
203.514, 237.149, 9.28016
181.988, 245.767, 15.0427
203.514, 237.149, 9.28016
181.988, 245.767, 15.0427
203.514, 237.149, 9.28016
181.988, 245.767, 15.0427
203.514, 237.149, 9.28016
181.988, 245.767, 15.0427
203.514, 237.149, 9.28016
259, 259, 63.9914
21
110.433, 215.824, 77.5681
84.8218, 215.155, 101.875
166.376, 234.291, 19.3764
196.88, 243.639, 15.0427
166.376, 234.291, 19.3764
196.88, 243.639, 15.0427
166.376, 234.291, 19.3764
196.88, 243.639, 15.0427
166.376, 234.291, 19.3764
196.88, 243.639, 15.0427
166.376, 234.291, 19.3764
196.88, 243.639, 15.0427
166.376, 234.291, 19.3764
196.88, 243.639, 15.0427
166.376, 234.291, 19.3764
196.88, 243.639, 15.0427
166.376, 234.291, 19.3764
196.88, 243.639, 15.0427
166.376, 234.291, 19.3764
196.88, 243.639, 15.0427
259, 259, 78.1403
22
154.117, 178.453, 57.1685
146.805, 192.066, 46.5404
110.433, 215.824, 58.9125
84.8218, 215.155, 83.7691
164.818, 226.66, 7.78862
181.988, 245.767, 19.3764
164.818, 226.66, 7.78862
181.988, 245.767, 19.3764
164.818, 226.66, 7.78862
181.988, 245.767, 19.3764
164.818, 226.66, 7.78862
181.988, 245.767, 19.3764
164.818, 226.66, 7.78862
181.988, 245.767, 19.3764
164.818, 226.66, 7.78862
181.988, 245.767, 19.3764
164.818, 226.66, 7.78862
181.988, 245.767, 19.3764
164.818, 226.66, 7.78862
181.988, 245.767, 19.3764
164.818, 226.66, 7.78862
181.988, 245.767, 19.3764
34
152.829, 136.187, 91.2643
154.289, 167.46, 60.1294
154.488, 172.519, 55.1174
154.117, 178.453, 49.3809
146.805, 192.066, 39.0028
110.433, 215.824, 55.4541
84.8218, 215.155, 80.819
196.496, 178.23, 57.8708
221.206, 133.866, 108.584
214.882, 141.182, 99.0603
208.422, 145.548, 92.0895
197.733, 152.033, 81.5634
168.878, 148.377, 78.3884
164.909, 144.096, 82.5641
154.483, 132.077, 95.1462
150.523, 116.673, 110.912
174.609, 212.102, 17.544
166.376, 234.291, 7.78862
174.609, 212.102, 17.544
166.376, 234.291, 7.78862
174.609, 212.102, 17.544
166.376, 234.291, 7.78862
174.609, 212.102, 17.544
166.376, 234.291, 7.78862
174.609, 212.102, 17.544
166.376, 234.291, 7.78862
174.609, 212.102, 17.544
166.376, 234.291, 7.78862
174.609, 212.102, 17.544
166.376, 234.291, 7.78862
174.609, 212.102, 17.544
166.376, 234.291, 7.78862
174.609, 212.102, 17.544
166.376, 234.291, 7.78862
35
152.829, 136.187, 78.9779
154.289, 167.46, 49.0494
154.488, 172.519, 44.4032
154.117, 178.453, 39.398
146.805, 192.066, 34.2709
110.433, 215.824, 64.2836
137.911, 73.2696, 143.601
196.617, 185.307, 34.6752
196.496, 178.23, 40.3289
221.206, 133.866, 91.0619
214.882, 141.182, 81.5575
208.422, 145.548, 74.6511
197.733, 152.033, 64.3664
168.878, 148.377, 63.9825
164.909, 144.096, 68.6944
154.483, 132.077, 82.5172
150.523, 116.673, 98.4216
180.108, 206.053, 8.17531
164.818, 226.66, 17.544
180.108, 206.053, 8.17531
164.818, 226.66, 17.544
180.108, 206.053, 8.17531
164.818, 226.66, 17.544
180.108, 206.053, 8.17531
164.818, 226.66, 17.544
180.108, 206.053, 8.17531
164.818, 226.66, 17.544
180.108, 206.053, 8.17531
164.818, 226.66, 17.544
180.108, 206.053, 8.17531
164.818, 226.66, 17.544
180.108, 206.053, 8.17531
164.818, 226.66, 17.544
180.108, 206.053, 8.17531
164.818, 226.66, 17.544

