0
19
98.3076 96.9076
109.717 101.26
122.605 106.612
137.523 114.241
150.028 130.352
152.829 136.187
154.289 167.46
154.488 172.519
154.117 178.453
146.805 192.066
110.433 215.824
84.8218 215.155
53.8694 196.43
39.0872 166.64
38.6517 153.437
48.7184 124.874
54.7448 115.593
67.29 106.648
82.7267 99.2443

1
11
228.274 68.2351
232.696 68.971
235.318 74.7967
233.782 76.8288
233.341 77.1122
229.513 78.9099
225.765 76.2252
224.355 74.9439
224.67 71.8568
225.47 70.2649
226.433 69.5299

2
6
33.0745 130.443
32.9979 132.934
32.554 133.701
31.3535 133.092
28.9156 130.611
29.2962 130.587

3
12
118.948 60.0537
128.911 60.6618
134.814 65.8332
137.911 73.2696
136.519 80.9301
132.269 87.0703
125.795 88.7622
117.768 89.8152
112.74 82.7768
112.142 79.7652
112.49 68.7814
113.008 63.0622

4
16
209.965 160.905
219.828 161.181
231.255 163.216
239.939 169.055
242.886 182.549
240.405 199.415
236.957 202.455
228.143 207.834
222.149 209.305
216.235 207.946
209.825 204.846
205.14 199.935
199.18 192.15
198.239 190.159
196.617 185.307
196.496 178.23

5
20
176.971 79.9389
191.285 81.7333
197.299 82.828
215.584 90.5929
225.242 102.989
225.858 108.559
226.428 115.77
221.206 133.866
214.882 141.182
208.422 145.548
197.733 152.033
168.878 148.377
164.909 144.096
154.483 132.077
150.523 116.673
152.035 107.094
153.494 101.071
158.619 93.583
164.655 85.3108
176.128 80.2332

6
10
180.108 206.053
197.924 208.964
206.609 224.059
206.572 224.654
203.514 237.149
196.88 243.639
181.988 245.767
166.376 234.291
164.818 226.66
174.609 212.102

